0 -10 -10
0.05 -8.71681 -8.71681
0.1 -2.48578 -2.48578
0.15 11.723 11.723
0.2 32.0251 32.0251
0.25 47.121 47.121
0.3 51.2722 51.2722
0.35 51.5007 51.5007
0.4 50.3254 50.3254
0.45 47.1842 47.1842
0.5 39.8055 39.8055
0.55 23.7049 23.7049
0.6 -5.87947 -5.87947
0.65 35.4818 35.4818
0.7 21.3325 21.3325
0.75 3.53821 3.53821
0.8 -7.60447 -7.60447
0.85 -1.81431 -1.81431
0.9 -0.103983 -0.103983
0.95 3.9972 3.9972
1 9.45104 9.45104
1.05 15.2049 15.2049
1.1 20.1861 20.1861
1.15 23.67 23.67
1.2 25.449 25.449
1.25 25.7348 25.7348
1.3 24.9328 24.9328
1.35 23.4459 23.4459
1.4 21.5768 21.5768
1.45 19.5142 19.5142
1.5 17.3613 17.3613
1.55 15.1696 15.1696
1.6 12.9634 12.9634
1.65 10.7548 10.7548
1.7 8.55006 8.55006
1.75 6.35321 6.35321
1.8 4.16684 4.16684
1.85 1.9928 1.9928
1.9 -0.167678 -0.167678
1.95 -2.31387 -2.31387
2 -4.44553 -4.44553
2.05 -6.56289 -6.56289
2.1 -8.66666 -8.66666
2.15 -10.7581 -10.7581
2.2 -12.839 -12.839
2.25 -14.9122 -14.9122
2.3 -16.981 -16.981
2.35 -19.0502 -19.0502
2.4 -21.1262 -21.1262
2.45 -23.2169 -23.2169
2.5 -25.333 -25.333
2.55 -27.4876 -27.4876
2.6 -29.6973 -29.6973
2.65 -31.9827 -31.9827
2.7 -34.3683 -34.3683
2.75 -36.8823 -36.8823
2.8 -39.5559 -39.5559
2.85 -42.4195 -42.4195
2.9 -45.4967 -45.4967
2.95 -48.7905 -48.7905
3 -52.2641 -52.2641
3.05 -55.8191 -55.8191
3.1 -59.2841 -59.2841
3.15 -62.4364 -62.4364
3.2 -65.0702 -65.0702
3.25 -67.0771 -67.0771
3.3 -68.4787 -68.4787
3.35 -69.3882 -69.3882
3.4 -69.9456 -69.9456
3.45 -70.2723 -70.2723
3.5 -70.4563 -70.4563
3.55 -70.5547 -70.5547
3.6 -70.6028 -70.6028
3.65 -70.6215 -70.6215
3.7 -70.6231 -70.6231
3.75 -70.6146 -70.6146
3.8 -70.6002 -70.6002
3.85 -70.5822 -70.5822
3.9 -70.562 -70.562
3.95 -70.5405 -70.5405
4 -70.5182 -70.5182
4.05 -70.4954 -70.4954
4.1 -70.4722 -70.4722
4.15 -70.4487 -70.4487
4.2 -70.4251 -70.4251
4.25 -70.4014 -70.4014
4.3 -70.3775 -70.3775
4.35 -70.3536 -70.3536
4.4 -70.3297 -70.3297
4.45 -70.3057 -70.3057
4.5 -70.2817 -70.2817
4.55 -70.2576 -70.2576
4.6 -70.2335 -70.2335
4.65 -70.2094 -70.2094
4.7 -70.1853 -70.1853
4.75 -70.1612 -70.1612
4.8 -70.1371 -70.1371
4.85 -70.113 -70.113
4.9 -70.089 -70.089
4.95 -70.0649 -70.0649
5 -70.0409 -70.0409
5.05 -70.0169 -70.0169
5.1 -69.993 -69.993
5.15 -69.9691 -69.9691
5.2 -69.9453 -69.9453
5.25 -69.9216 -69.9216
5.3 -69.898 -69.898
5.35 -69.8744 -69.8744
5.4 -69.8509 -69.8509
5.45 -69.8276 -69.8276
5.5 -69.8043 -69.8043
5.55 -69.7812 -69.7812
5.6 -69.7582 -69.7582
5.65 -69.7353 -69.7353
5.7 -69.7126 -69.7126
5.75 -69.6901 -69.6901
5.8 -69.6677 -69.6677
5.85 -69.6454 -69.6454
5.9 -69.6234 -69.6234
5.95 -69.6015 -69.6015
6 -69.5799 -69.5799
6.05 -69.5584 -69.5584
6.1 -69.5372 -69.5372
6.15 -69.5162 -69.5162
6.2 -69.4954 -69.4954
6.25 -69.4748 -69.4748
6.3 -69.4545 -69.4545
6.35 -69.4344 -69.4344
6.4 -69.4146 -69.4146
6.45 -69.3951 -69.3951
6.5 -69.3758 -69.3758
6.55 -69.3568 -69.3568
6.6 -69.3381 -69.3381
6.65 -69.3196 -69.3196
6.7 -69.3015 -69.3015
6.75 -69.2837 -69.2837
6.8 -69.2662 -69.2662
6.85 -69.2489 -69.2489
6.9 -69.232 -69.232
6.95 -69.2155 -69.2155
7 -69.1992 -69.1992
7.05 -69.1833 -69.1833
7.1 -69.1677 -69.1677
7.15 -69.1525 -69.1525
7.2 -69.1375 -69.1375
7.25 -69.123 -69.123
7.3 -69.1088 -69.1088
7.35 -69.0949 -69.0949
7.4 -69.0814 -69.0814
7.45 -69.0682 -69.0682
7.5 -69.0554 -69.0554
7.55 -69.0429 -69.0429
7.6 -69.0308 -69.0308
7.65 -69.0191 -69.0191
7.7 -69.0077 -69.0077
7.75 -68.9967 -68.9967
7.8 -68.986 -68.986
7.85 -68.9757 -68.9757
7.9 -68.9658 -68.9658
7.95 -68.9562 -68.9562
8 -68.9469 -68.9469
8.05 -68.9381 -68.9381
8.1 -68.9296 -68.9296
8.15 -68.9214 -68.9214
8.2 -68.9136 -68.9136
8.25 -68.9061 -68.9061
8.3 -68.899 -68.899
8.35 -68.8923 -68.8923
8.4 -68.8859 -68.8859
8.45 -68.8798 -68.8798
8.5 -68.8741 -68.8741
8.55 -68.8687 -68.8687
8.6 -68.8636 -68.8636
8.65 -68.8589 -68.8589
8.7 -68.8545 -68.8545
8.75 -68.8504 -68.8504
8.8 -68.8466 -68.8466
8.85 -68.8432 -68.8432
8.9 -68.84 -68.84
8.95 -68.8372 -68.8372
9 -68.8347 -68.8347
9.05 -68.8324 -68.8324
9.1 -68.8305 -68.8305
9.15 -68.8289 -68.8289
9.2 -68.8275 -68.8275
9.25 -68.8264 -68.8264
9.3 -68.8256 -68.8256
9.35 -68.8251 -68.8251
9.4 -68.8248 -68.8248
9.45 -68.8248 -68.8248
9.5 -68.8251 -68.8251
9.55 -68.8256 -68.8256
9.6 -68.8263 -68.8263
9.65 -68.8273 -68.8273
9.7 -68.8286 -68.8286
9.75 -68.83 -68.83
9.8 -68.8317 -68.8317
9.85 -68.8337 -68.8337
9.9 -68.8358 -68.8358
9.95 -68.8381 -68.8381
10 -68.8407 -68.8407
10.05 -68.8434 -68.8434
10.1 -68.8464 -68.8464
10.15 -68.8495 -68.8495
10.2 -68.8529 -68.8529
10.25 -68.8564 -68.8564
10.3 -68.8601 -68.8601
10.35 -68.8639 -68.8639
10.4 -68.8679 -68.8679
10.45 -68.8721 -68.8721
10.5 -68.8765 -68.8765
10.55 -68.881 -68.881
10.6 -68.8856 -68.8856
10.65 -68.8904 -68.8904
10.7 -68.8953 -68.8953
10.75 -68.9004 -68.9004
10.8 -68.9056 -68.9056
10.85 -68.9109 -68.9109
10.9 -68.9163 -68.9163
10.95 -68.9219 -68.9219
11 -68.9275 -68.9275
11.05 -68.9333 -68.9333
11.1 -68.9392 -68.9392
11.15 -68.9451 -68.9451
11.2 -68.9512 -68.9512
11.25 -68.9574 -68.9574
11.3 -68.9636 -68.9636
11.35 -68.9699 -68.9699
11.4 -68.9764 -68.9764
11.45 -68.9828 -68.9828
11.5 -68.9894 -68.9894
11.55 -68.996 -68.996
11.6 -69.0027 -69.0027
11.65 -69.0095 -69.0095
11.7 -69.0163 -69.0163
11.75 -69.0232 -69.0232
11.8 -69.0301 -69.0301
11.85 -69.0371 -69.0371
11.9 -69.0441 -69.0441
11.95 -69.0511 -69.0511
12 -69.0582 -69.0582
12.05 -69.0654 -69.0654
12.1 -69.0725 -69.0725
12.15 -69.0798 -69.0798
12.2 -69.087 -69.087
12.25 -69.0942 -69.0942
12.3 -69.1015 -69.1015
12.35 -69.1088 -69.1088
12.4 -69.1162 -69.1162
12.45 -69.1235 -69.1235
12.5 -69.1309 -69.1309
12.55 -69.1382 -69.1382
12.6 -69.1456 -69.1456
12.65 -69.153 -69.153
12.7 -69.1604 -69.1604
12.75 -69.1678 -69.1678
12.8 -69.1752 -69.1752
12.85 -69.1826 -69.1826
12.9 -69.19 -69.19
12.95 -69.1974 -69.1974
13 -69.2048 -69.2048
13.05 -69.2122 -69.2122
13.1 -69.2195 -69.2195
13.15 -69.2269 -69.2269
13.2 -69.2343 -69.2343
13.25 -69.2416 -69.2416
13.3 -69.2489 -69.2489
13.35 -69.2562 -69.2562
13.4 -69.2635 -69.2635
13.45 -69.2708 -69.2708
13.5 -69.2781 -69.2781
13.55 -69.2853 -69.2853
13.6 -69.2925 -69.2925
13.65 -69.2997 -69.2997
13.7 -69.3069 -69.3069
13.75 -69.314 -69.314
13.8 -69.3212 -69.3212
13.85 -69.3283 -69.3283
13.9 -69.3353 -69.3353
13.95 -69.3424 -69.3424
14 -69.3494 -69.3494
14.05 -69.3564 -69.3564
14.1 -69.3633 -69.3633
14.15 -69.3702 -69.3702
14.2 -69.3771 -69.3771
14.25 -69.384 -69.384
14.3 -69.3908 -69.3908
14.35 -69.3976 -69.3976
14.4 -69.4043 -69.4043
14.45 -69.411 -69.411
14.5 -69.4177 -69.4177
14.55 -69.4243 -69.4243
14.6 -69.431 -69.431
14.65 -69.4375 -69.4375
14.7 -69.4441 -69.4441
14.75 -69.4506 -69.4506
14.8 -69.457 -69.457
14.85 -69.4634 -69.4634
14.9 -69.4698 -69.4698
14.95 -69.4762 -69.4762
15 -69.4825 -69.4825
15.05 -69.4887 -69.4887
15.1 -69.4949 -69.4949
15.15 -69.5011 -69.5011
15.2 -69.5073 -69.5073
15.25 -69.5134 -69.5134
15.3 -69.5194 -69.5194
15.35 -69.5255 -69.5255
15.4 -69.5314 -69.5314
15.45 -69.5374 -69.5374
15.5 -69.5433 -69.5433
15.55 -69.5491 -69.5491
15.6 -69.555 -69.555
15.65 -69.5607 -69.5607
15.7 -69.5665 -69.5665
15.75 -69.5722 -69.5722
15.8 -69.5778 -69.5778
15.85 -69.5834 -69.5834
15.9 -69.589 -69.589
15.95 -69.5945 -69.5945
16 -69.6 -69.6
16.05 -69.6054 -69.6054
16.1 -69.6108 -69.6108
16.15 -69.6162 -69.6162
16.2 -69.6215 -69.6215
16.25 -69.6268 -69.6268
16.3 -69.632 -69.632
16.35 -69.6372 -69.6372
16.4 -69.6424 -69.6424
16.45 -69.6475 -69.6475
16.5 -69.6526 -69.6526
16.55 -69.6576 -69.6576
16.6 -69.6626 -69.6626
16.65 -69.6676 -69.6676
16.7 -69.6725 -69.6725
16.75 -69.6774 -69.6774
16.8 -69.6822 -69.6822
16.85 -69.687 -69.687
16.9 -69.6917 -69.6917
16.95 -69.6965 -69.6965
17 -69.7011 -69.7011
17.05 -69.7058 -69.7058
17.1 -69.7104 -69.7104
17.15 -69.7149 -69.7149
17.2 -69.7195 -69.7195
17.25 -69.7239 -69.7239
17.3 -69.7284 -69.7284
17.35 -69.7328 -69.7328
17.4 -69.7372 -69.7372
17.45 -69.7415 -69.7415
17.5 -69.7458 -69.7458
17.55 -69.7501 -69.7501
17.6 -69.7543 -69.7543
17.65 -69.7585 -69.7585
17.7 -69.7626 -69.7626
17.75 -69.7667 -69.7667
17.8 -69.7708 -69.7708
17.85 -69.7748 -69.7748
17.9 -69.7788 -69.7788
17.95 -69.7828 -69.7828
18 -69.7867 -69.7867
18.05 -69.7906 -69.7906
18.1 -69.7945 -69.7945
18.15 -69.7983 -69.7983
18.2 -69.8021 -69.8021
18.25 -69.8059 -69.8059
18.3 -69.8096 -69.8096
18.35 -69.8133 -69.8133
18.4 -69.817 -69.817
18.45 -69.8206 -69.8206
18.5 -69.8242 -69.8242
18.55 -69.8278 -69.8278
18.6 -69.8313 -69.8313
18.65 -69.8348 -69.8348
18.7 -69.8383 -69.8383
18.75 -69.8417 -69.8417
18.8 -69.8451 -69.8451
18.85 -69.8485 -69.8485
18.9 -69.8518 -69.8518
18.95 -69.8551 -69.8551
19 -69.8584 -69.8584
19.05 -69.8617 -69.8617
19.1 -69.8649 -69.8649
19.15 -69.8681 -69.8681
19.2 -69.8712 -69.8712
19.25 -69.8744 -69.8744
19.3 -69.8775 -69.8775
19.35 -69.8805 -69.8805
19.4 -69.8836 -69.8836
19.45 -69.8866 -69.8866
19.5 -69.8896 -69.8896
19.55 -69.8926 -69.8926
19.6 -69.8955 -69.8955
19.65 -69.8984 -69.8984
19.7 -69.9013 -69.9013
19.75 -69.9041 -69.9041
19.8 -69.9069 -69.9069
19.85 -69.9097 -69.9097
19.9 -69.9125 -69.9125
19.95 -69.9153 -69.9153
20 -69.918 -69.918
20.05 -69.9207 -69.9207
20.1 -69.9233 -69.9233
20.15 -69.926 -69.926
20.2 -69.9286 -69.9286
20.25 -69.9312 -69.9312
20.3 -69.9338 -69.9338
20.35 -69.9363 -69.9363
20.4 -69.9388 -69.9388
20.45 -69.9413 -69.9413
20.5 -69.9438 -69.9438
20.55 -69.9462 -69.9462
20.6 -69.9487 -69.9487
20.65 -69.9511 -69.9511
20.7 -69.9534 -69.9534
20.75 -69.9558 -69.9558
20.8 -69.9581 -69.9581
20.85 -69.9604 -69.9604
20.9 -69.9627 -69.9627
20.95 -69.965 -69.965
21 -69.9672 -69.9672
21.05 -69.9695 -69.9695
21.1 -69.9717 -69.9717
21.15 -69.9738 -69.9738
21.2 -69.976 -69.976
21.25 -69.9781 -69.9781
21.3 -69.9802 -69.9802
21.35 -69.9823 -69.9823
21.4 -69.9844 -69.9844
21.45 -69.9865 -69.9865
21.5 -69.9885 -69.9885
21.55 -69.9905 -69.9905
21.6 -69.9925 -69.9925
21.65 -69.9945 -69.9945
21.7 -69.9965 -69.9965
21.75 -69.9984 -69.9984
21.8 -70.0003 -70.0003
21.85 -70.0022 -70.0022
21.9 -70.0041 -70.0041
21.95 -70.006 -70.006
22 -70.0078 -70.0078
22.05 -70.0096 -70.0096
22.1 -70.0115 -70.0115
22.15 -70.0132 -70.0132
22.2 -70.015 -70.015
22.25 -70.0168 -70.0168
22.3 -70.0185 -70.0185
22.35 -70.0202 -70.0202
22.4 -70.0219 -70.0219
22.45 -70.0236 -70.0236
22.5 -70.0253 -70.0253
22.55 -70.027 -70.027
22.6 -70.0286 -70.0286
22.65 -70.0302 -70.0302
22.7 -70.0318 -70.0318
22.75 -70.0334 -70.0334
22.8 -70.035 -70.035
22.85 -70.0366 -70.0366
22.9 -70.0381 -70.0381
22.95 -70.0397 -70.0397
23 -70.0412 -70.0412
23.05 -70.0427 -70.0427
23.1 -70.0442 -70.0442
23.15 -70.0456 -70.0456
23.2 -70.0471 -70.0471
23.25 -70.0485 -70.0485
23.3 -70.05 -70.05
23.35 -70.0514 -70.0514
23.4 -70.0528 -70.0528
23.45 -70.0542 -70.0542
23.5 -70.0555 -70.0555
23.55 -70.0569 -70.0569
23.6 -70.0582 -70.0582
23.65 -70.0596 -70.0596
23.7 -70.0609 -70.0609
23.75 -70.0622 -70.0622
23.8 -70.0635 -70.0635
23.85 -70.0648 -70.0648
23.9 -70.066 -70.066
23.95 -70.0673 -70.0673
24 -70.0685 -70.0685
24.05 -70.0698 -70.0698
24.1 -70.071 -70.071
24.15 -70.0722 -70.0722
24.2 -70.0734 -70.0734
24.25 -70.0746 -70.0746
24.3 -70.0757 -70.0757
24.35 -70.0769 -70.0769
24.4 -70.078 -70.078
24.45 -70.0792 -70.0792
24.5 -70.0803 -70.0803
24.55 -70.0814 -70.0814
24.6 -70.0825 -70.0825
24.65 -70.0836 -70.0836
24.7 -70.0847 -70.0847
24.75 -70.0858 -70.0858
24.8 -70.0868 -70.0868
24.85 -70.0879 -70.0879
24.9 -70.0889 -70.0889
24.95 -70.0899 -70.0899
25 -70.0909 -70.0909
25.05 -70.092 -70.092
25.1 -70.093 -70.093
25.15 -70.0939 -70.0939
25.2 -70.0949 -70.0949
25.25 -70.0959 -70.0959
25.3 -70.0968 -70.0968
25.35 -70.0978 -70.0978
25.4 -70.0987 -70.0987
25.45 -70.0997 -70.0997
25.5 -70.1006 -70.1006
25.55 -70.1015 -70.1015
25.6 -70.1024 -70.1024
25.65 -70.1033 -70.1033
25.7 -70.1042 -70.1042
25.75 -70.105 -70.105
25.8 -70.1059 -70.1059
25.85 -70.1068 -70.1068
25.9 -70.1076 -70.1076
25.95 -70.1085 -70.1085
26 -70.1093 -70.1093
26.05 -70.1101 -70.1101
26.1 -70.1109 -70.1109
26.15 -70.1117 -70.1117
26.2 -70.1125 -70.1125
26.25 -70.1133 -70.1133
26.3 -70.1141 -70.1141
26.35 -70.1149 -70.1149
26.4 -70.1157 -70.1157
26.45 -70.1164 -70.1164
26.5 -70.1172 -70.1172
26.55 -70.1179 -70.1179
26.6 -70.1186 -70.1186
26.65 -70.1194 -70.1194
26.7 -70.1201 -70.1201
26.75 -70.1208 -70.1208
26.8 -70.1215 -70.1215
26.85 -70.1222 -70.1222
26.9 -70.1229 -70.1229
26.95 -70.1236 -70.1236
27 -70.1243 -70.1243
27.05 -70.125 -70.125
27.1 -70.1256 -70.1256
27.15 -70.1263 -70.1263
27.2 -70.1269 -70.1269
27.25 -70.1276 -70.1276
27.3 -70.1282 -70.1282
27.35 -70.1289 -70.1289
27.4 -70.1295 -70.1295
27.45 -70.1301 -70.1301
27.5 -70.1307 -70.1307
27.55 -70.1313 -70.1313
27.6 -70.1319 -70.1319
27.65 -70.1325 -70.1325
27.7 -70.1331 -70.1331
27.75 -70.1337 -70.1337
27.8 -70.1343 -70.1343
27.85 -70.1349 -70.1349
27.9 -70.1354 -70.1354
27.95 -70.136 -70.136
28 -70.1365 -70.1365
28.05 -70.1371 -70.1371
28.1 -70.1376 -70.1376
28.15 -70.1382 -70.1382
28.2 -70.1387 -70.1387
28.25 -70.1392 -70.1392
28.3 -70.1397 -70.1397
28.35 -70.1403 -70.1403
28.4 -70.1408 -70.1408
28.45 -70.1413 -70.1413
28.5 -70.1418 -70.1418
28.55 -70.1423 -70.1423
28.6 -70.1428 -70.1428
28.65 -70.1433 -70.1433
28.7 -70.1437 -70.1437
28.75 -70.1442 -70.1442
28.8 -70.1447 -70.1447
28.85 -70.1452 -70.1452
28.9 -70.1456 -70.1456
28.95 -70.1461 -70.1461
29 -70.1465 -70.1465
29.05 -70.147 -70.147
29.1 -70.1474 -70.1474
29.15 -70.1479 -70.1479
29.2 -70.1483 -70.1483
29.25 -70.1487 -70.1487
29.3 -70.1492 -70.1492
29.35 -70.1496 -70.1496
29.4 -70.15 -70.15
29.45 -70.1504 -70.1504
29.5 -70.1508 -70.1508
29.55 -70.1512 -70.1512
29.6 -70.1516 -70.1516
29.65 -70.152 -70.152
29.7 -70.1524 -70.1524
29.75 -70.1528 -70.1528
29.8 -70.1532 -70.1532
29.85 -70.1536 -70.1536
29.9 -70.1539 -70.1539
29.95 -70.1543 -70.1543
30 -70.1547 -70.1547
30.05 -70.1551 -70.1551
30.1 -70.1554 -70.1554
30.15 -70.1558 -70.1558
30.2 -70.1561 -70.1561
30.25 -70.1565 -70.1565
30.3 -70.1568 -70.1568
30.35 -70.1572 -70.1572
30.4 -70.1575 -70.1575
30.45 -70.1578 -70.1578
30.5 -70.1582 -70.1582
30.55 -70.1585 -70.1585
30.6 -70.1588 -70.1588
30.65 -70.1592 -70.1592
30.7 -70.1595 -70.1595
30.75 -70.1598 -70.1598
30.8 -70.1601 -70.1601
30.85 -70.1604 -70.1604
30.9 -70.1607 -70.1607
30.95 -70.161 -70.161
31 -70.1613 -70.1613
31.05 -70.1616 -70.1616
31.1 -70.1619 -70.1619
31.15 -70.1622 -70.1622
31.2 -70.1625 -70.1625
31.25 -70.1628 -70.1628
31.3 -70.1631 -70.1631
31.35 -70.1634 -70.1634
31.4 -70.1636 -70.1636
31.45 -70.1639 -70.1639
31.5 -70.1642 -70.1642
31.55 -70.1644 -70.1644
31.6 -70.1647 -70.1647
31.65 -70.165 -70.165
31.7 -70.1652 -70.1652
31.75 -70.1655 -70.1655
31.8 -70.1658 -70.1658
31.85 -70.166 -70.166
31.9 -70.1663 -70.1663
31.95 -70.1665 -70.1665
32 -70.1668 -70.1668
32.05 -70.167 -70.167
32.1 -70.1672 -70.1672
32.15 -70.1675 -70.1675
32.2 -70.1677 -70.1677
32.25 -70.1679 -70.1679
32.3 -70.1682 -70.1682
32.35 -70.1684 -70.1684
32.4 -70.1686 -70.1686
32.45 -70.1688 -70.1688
32.5 -70.1691 -70.1691
32.55 -70.1693 -70.1693
32.6 -70.1695 -70.1695
32.65 -70.1697 -70.1697
32.7 -70.1699 -70.1699
32.75 -70.1701 -70.1701
32.8 -70.1704 -70.1704
32.85 -70.1706 -70.1706
32.9 -70.1708 -70.1708
32.95 -70.171 -70.171
33 -70.1712 -70.1712
33.05 -70.1714 -70.1714
33.1 -70.1716 -70.1716
33.15 -70.1717 -70.1717
33.2 -70.1719 -70.1719
33.25 -70.1721 -70.1721
33.3 -70.1723 -70.1723
33.35 -70.1725 -70.1725
33.4 -70.1727 -70.1727
33.45 -70.1729 -70.1729
33.5 -70.173 -70.173
33.55 -70.1732 -70.1732
33.6 -70.1734 -70.1734
33.65 -70.1736 -70.1736
33.7 -70.1738 -70.1738
33.75 -70.1739 -70.1739
33.8 -70.1741 -70.1741
33.85 -70.1743 -70.1743
33.9 -70.1744 -70.1744
33.95 -70.1746 -70.1746
34 -70.1748 -70.1748
34.05 -70.1749 -70.1749
34.1 -70.1751 -70.1751
34.15 -70.1752 -70.1752
34.2 -70.1754 -70.1754
34.25 -70.1755 -70.1755
34.3 -70.1757 -70.1757
34.35 -70.1758 -70.1758
34.4 -70.176 -70.176
34.45 -70.1761 -70.1761
34.5 -70.1763 -70.1763
34.55 -70.1764 -70.1764
34.6 -70.1766 -70.1766
34.65 -70.1767 -70.1767
34.7 -70.1769 -70.1769
34.75 -70.177 -70.177
34.8 -70.1771 -70.1771
34.85 -70.1773 -70.1773
34.9 -70.1774 -70.1774
34.95 -70.1775 -70.1775
35 -70.1777 -70.1777
35.05 -70.1778 -70.1778
35.1 -70.1779 -70.1779
35.15 -70.1781 -70.1781
35.2 -70.1782 -70.1782
35.25 -70.1783 -70.1783
35.3 -70.1784 -70.1784
35.35 -70.1786 -70.1786
35.4 -70.1787 -70.1787
35.45 -70.1788 -70.1788
35.5 -70.1789 -70.1789
35.55 -70.179 -70.179
35.6 -70.1792 -70.1792
35.65 -70.1793 -70.1793
35.7 -70.1794 -70.1794
35.75 -70.1795 -70.1795
35.8 -70.1796 -70.1796
35.85 -70.1797 -70.1797
35.9 -70.1798 -70.1798
35.95 -70.1799 -70.1799
36 -70.18 -70.18
36.05 -70.1802 -70.1802
36.1 -70.1803 -70.1803
36.15 -70.1804 -70.1804
36.2 -70.1805 -70.1805
36.25 -70.1806 -70.1806
36.3 -70.1807 -70.1807
36.35 -70.1808 -70.1808
36.4 -70.1809 -70.1809
36.45 -70.181 -70.181
36.5 -70.1811 -70.1811
36.55 -70.1812 -70.1812
36.6 -70.1813 -70.1813
36.65 -70.1813 -70.1813
36.7 -70.1814 -70.1814
36.75 -70.1815 -70.1815
36.8 -70.1816 -70.1816
36.85 -70.1817 -70.1817
36.9 -70.1818 -70.1818
36.95 -70.1819 -70.1819
37 -70.182 -70.182
37.05 -70.1821 -70.1821
37.1 -70.1821 -70.1821
37.15 -70.1822 -70.1822
37.2 -70.1823 -70.1823
37.25 -70.1824 -70.1824
37.3 -70.1825 -70.1825
37.35 -70.1826 -70.1826
37.4 -70.1826 -70.1826
37.45 -70.1827 -70.1827
37.5 -70.1828 -70.1828
37.55 -70.1829 -70.1829
37.6 -70.183 -70.183
37.65 -70.183 -70.183
37.7 -70.1831 -70.1831
37.75 -70.1832 -70.1832
37.8 -70.1833 -70.1833
37.85 -70.1833 -70.1833
37.9 -70.1834 -70.1834
37.95 -70.1835 -70.1835
38 -70.1835 -70.1835
38.05 -70.1836 -70.1836
38.1 -70.1837 -70.1837
38.15 -70.1838 -70.1838
38.2 -70.1838 -70.1838
38.25 -70.1839 -70.1839
38.3 -70.184 -70.184
38.35 -70.184 -70.184
38.4 -70.1841 -70.1841
38.45 -70.1842 -70.1842
38.5 -70.1842 -70.1842
38.55 -70.1843 -70.1843
38.6 -70.1843 -70.1843
38.65 -70.1844 -70.1844
38.7 -70.1845 -70.1845
38.75 -70.1845 -70.1845
38.8 -70.1846 -70.1846
38.85 -70.1846 -70.1846
38.9 -70.1847 -70.1847
38.95 -70.1848 -70.1848
39 -70.1848 -70.1848
39.05 -70.1849 -70.1849
39.1 -70.1849 -70.1849
39.15 -70.185 -70.185
39.2 -70.185 -70.185
39.25 -70.1851 -70.1851
39.3 -70.1852 -70.1852
39.35 -70.1852 -70.1852
39.4 -70.1853 -70.1853
39.45 -70.1853 -70.1853
39.5 -70.1854 -70.1854
39.55 -70.1854 -70.1854
39.6 -70.1855 -70.1855
39.65 -70.1855 -70.1855
39.7 -70.1856 -70.1856
39.75 -70.1856 -70.1856
39.8 -70.1857 -70.1857
39.85 -70.1857 -70.1857
39.9 -70.1858 -70.1858
39.95 -70.1858 -70.1858
40 -70.1859 -70.1859
40.05 -70.1859 -70.1859
40.1 -70.1859 -70.1859
40.15 -70.186 -70.186
40.2 -70.186 -70.186
40.25 -70.1861 -70.1861
40.3 -70.1861 -70.1861
40.35 -70.1862 -70.1862
40.4 -70.1862 -70.1862
40.45 -70.1862 -70.1862
40.5 -70.1863 -70.1863
40.55 -70.1863 -70.1863
40.6 -70.1864 -70.1864
40.65 -70.1864 -70.1864
40.7 -70.1865 -70.1865
40.75 -70.1865 -70.1865
40.8 -70.1865 -70.1865
40.85 -70.1866 -70.1866
40.9 -70.1866 -70.1866
40.95 -70.1867 -70.1867
41 -70.1867 -70.1867
41.05 -70.1867 -70.1867
41.1 -70.1868 -70.1868
41.15 -70.1868 -70.1868
41.2 -70.1868 -70.1868
41.25 -70.1869 -70.1869
41.3 -70.1869 -70.1869
41.35 -70.1869 -70.1869
41.4 -70.187 -70.187
41.45 -70.187 -70.187
41.5 -70.187 -70.187
41.55 -70.1871 -70.1871
41.6 -70.1871 -70.1871
41.65 -70.1871 -70.1871
41.7 -70.1872 -70.1872
41.75 -70.1872 -70.1872
41.8 -70.1872 -70.1872
41.85 -70.1873 -70.1873
41.9 -70.1873 -70.1873
41.95 -70.1873 -70.1873
42 -70.1874 -70.1874
42.05 -70.1874 -70.1874
42.1 -70.1874 -70.1874
42.15 -70.1875 -70.1875
42.2 -70.1875 -70.1875
42.25 -70.1875 -70.1875
42.3 -70.1875 -70.1875
42.35 -70.1876 -70.1876
42.4 -70.1876 -70.1876
42.45 -70.1876 -70.1876
42.5 -70.1877 -70.1877
42.55 -70.1877 -70.1877
42.6 -70.1877 -70.1877
42.65 -70.1877 -70.1877
42.7 -70.1878 -70.1878
42.75 -70.1878 -70.1878
42.8 -70.1878 -70.1878
42.85 -70.1878 -70.1878
42.9 -70.1879 -70.1879
42.95 -70.1879 -70.1879
43 -70.1879 -70.1879
43.05 -70.1879 -70.1879
43.1 -70.188 -70.188
43.15 -70.188 -70.188
43.2 -70.188 -70.188
43.25 -70.188 -70.188
43.3 -70.1881 -70.1881
43.35 -70.1881 -70.1881
43.4 -70.1881 -70.1881
43.45 -70.1881 -70.1881
43.5 -70.1882 -70.1882
43.55 -70.1882 -70.1882
43.6 -70.1882 -70.1882
43.65 -70.1882 -70.1882
43.7 -70.1882 -70.1882
43.75 -70.1883 -70.1883
43.8 -70.1883 -70.1883
43.85 -70.1883 -70.1883
43.9 -70.1883 -70.1883
43.95 -70.1883 -70.1883
44 -70.1884 -70.1884
44.05 -70.1884 -70.1884
44.1 -70.1884 -70.1884
44.15 -70.1884 -70.1884
44.2 -70.1884 -70.1884
44.25 -70.1885 -70.1885
44.3 -70.1885 -70.1885
44.35 -70.1885 -70.1885
44.4 -70.1885 -70.1885
44.45 -70.1885 -70.1885
44.5 -70.1886 -70.1886
44.55 -70.1886 -70.1886
44.6 -70.1886 -70.1886
44.65 -70.1886 -70.1886
44.7 -70.1886 -70.1886
44.75 -70.1886 -70.1886
44.8 -70.1887 -70.1887
44.85 -70.1887 -70.1887
44.9 -70.1887 -70.1887
44.95 -70.1887 -70.1887
45 -70.1887 -70.1887
45.05 -70.1887 -70.1887
45.1 -70.1888 -70.1888
45.15 -70.1888 -70.1888
45.2 -70.1888 -70.1888
45.25 -70.1888 -70.1888
45.3 -70.1888 -70.1888
45.35 -70.1888 -70.1888
45.4 -70.1888 -70.1888
45.45 -70.1889 -70.1889
45.5 -70.1889 -70.1889
45.55 -70.1889 -70.1889
45.6 -70.1889 -70.1889
45.65 -70.1889 -70.1889
45.7 -70.1889 -70.1889
45.75 -70.1889 -70.1889
45.8 -70.189 -70.189
45.85 -70.189 -70.189
45.9 -70.189 -70.189
45.95 -70.189 -70.189
46 -70.189 -70.189
46.05 -70.189 -70.189
46.1 -70.189 -70.189
46.15 -70.1891 -70.1891
46.2 -70.1891 -70.1891
46.25 -70.1891 -70.1891
46.3 -70.1891 -70.1891
46.35 -70.1891 -70.1891
46.4 -70.1891 -70.1891
46.45 -70.1891 -70.1891
46.5 -70.1891 -70.1891
46.55 -70.1891 -70.1891
46.6 -70.1892 -70.1892
46.65 -70.1892 -70.1892
46.7 -70.1892 -70.1892
46.75 -70.1892 -70.1892
46.8 -70.1892 -70.1892
46.85 -70.1892 -70.1892
46.9 -70.1892 -70.1892
46.95 -70.1892 -70.1892
47 -70.1892 -70.1892
47.05 -70.1893 -70.1893
47.1 -70.1893 -70.1893
47.15 -70.1893 -70.1893
47.2 -70.1893 -70.1893
47.25 -70.1893 -70.1893
47.3 -70.1893 -70.1893
47.35 -70.1893 -70.1893
47.4 -70.1893 -70.1893
47.45 -70.1893 -70.1893
47.5 -70.1893 -70.1893
47.55 -70.1894 -70.1894
47.6 -70.1894 -70.1894
47.65 -70.1894 -70.1894
47.7 -70.1894 -70.1894
47.75 -70.1894 -70.1894
47.8 -70.1894 -70.1894
47.85 -70.1894 -70.1894
47.9 -70.1894 -70.1894
47.95 -70.1894 -70.1894
48 -70.1894 -70.1894
48.05 -70.1894 -70.1894
48.1 -70.1895 -70.1895
48.15 -70.1895 -70.1895
48.2 -70.1895 -70.1895
48.25 -70.1895 -70.1895
48.3 -70.1895 -70.1895
48.35 -70.1895 -70.1895
48.4 -70.1895 -70.1895
48.45 -70.1895 -70.1895
48.5 -70.1895 -70.1895
48.55 -70.1895 -70.1895
48.6 -70.1895 -70.1895
48.65 -70.1895 -70.1895
48.7 -70.1895 -70.1895
48.75 -70.1896 -70.1896
48.8 -70.1896 -70.1896
48.85 -70.1896 -70.1896
48.9 -70.1896 -70.1896
48.95 -70.1896 -70.1896
49 -70.1896 -70.1896
49.05 -70.1896 -70.1896
49.1 -70.1896 -70.1896
49.15 -70.1896 -70.1896
49.2 -70.1896 -70.1896
49.25 -70.1896 -70.1896
49.3 -70.1896 -70.1896
49.35 -70.1896 -70.1896
49.4 -70.1896 -70.1896
49.45 -70.1897 -70.1897
49.5 -70.1897 -70.1897
49.55 -70.1897 -70.1897
49.6 -70.1897 -70.1897
49.65 -70.1897 -70.1897
49.7 -70.1897 -70.1897
49.75 -70.1897 -70.1897
49.8 -70.1897 -70.1897
49.85 -70.1897 -70.1897
49.9 -70.1897 -70.1897
49.95 -70.1897 -70.1897
50 -70.1897 -70.1897
50.05 -70.1897 -70.1897
50.1 -70.1897 -70.1897
50.15 -70.1897 -70.1897
50.2 -70.1897 -70.1897
50.25 -70.1897 -70.1897
50.3 -70.1897 -70.1897
50.35 -70.1898 -70.1898
50.4 -70.1898 -70.1898
50.45 -70.1898 -70.1898
50.5 -70.1898 -70.1898
50.55 -70.1898 -70.1898
50.6 -70.1898 -70.1898
50.65 -70.1898 -70.1898
50.7 -70.1898 -70.1898
50.75 -70.1898 -70.1898
50.8 -70.1898 -70.1898
50.85 -70.1898 -70.1898
50.9 -70.1898 -70.1898
50.95 -70.1898 -70.1898
51 -70.1898 -70.1898
51.05 -70.1898 -70.1898
51.1 -70.1898 -70.1898
51.15 -70.1898 -70.1898
51.2 -70.1898 -70.1898
51.25 -70.1898 -70.1898
51.3 -70.1898 -70.1898
51.35 -70.1898 -70.1898
51.4 -70.1898 -70.1898
51.45 -70.1899 -70.1899
51.5 -70.1899 -70.1899
51.55 -70.1899 -70.1899
51.6 -70.1899 -70.1899
51.65 -70.1899 -70.1899
51.7 -70.1899 -70.1899
51.75 -70.1899 -70.1899
51.8 -70.1899 -70.1899
51.85 -70.1899 -70.1899
51.9 -70.1899 -70.1899
51.95 -70.1899 -70.1899
52 -70.1899 -70.1899
52.05 -70.1899 -70.1899
52.1 -70.1899 -70.1899
52.15 -70.1899 -70.1899
52.2 -70.1899 -70.1899
52.25 -70.1899 -70.1899
52.3 -70.1899 -70.1899
52.35 -70.1899 -70.1899
52.4 -70.1899 -70.1899
52.45 -70.1899 -70.1899
52.5 -70.1899 -70.1899
52.55 -70.1899 -70.1899
52.6 -70.1899 -70.1899
52.65 -70.1899 -70.1899
52.7 -70.1899 -70.1899
52.75 -70.1899 -70.1899
52.8 -70.1899 -70.1899
52.85 -70.19 -70.19
52.9 -70.19 -70.19
52.95 -70.19 -70.19
53 -70.19 -70.19
53.05 -70.19 -70.19
53.1 -70.19 -70.19
53.15 -70.19 -70.19
53.2 -70.19 -70.19
53.25 -70.19 -70.19
53.3 -70.19 -70.19
53.35 -70.19 -70.19
53.4 -70.19 -70.19
53.45 -70.19 -70.19
53.5 -70.19 -70.19
53.55 -70.19 -70.19
53.6 -70.19 -70.19
53.65 -70.19 -70.19
53.7 -70.19 -70.19
53.75 -70.19 -70.19
53.8 -70.19 -70.19
53.85 -70.19 -70.19
53.9 -70.19 -70.19
53.95 -70.19 -70.19
54 -70.19 -70.19
54.05 -70.19 -70.19
54.1 -70.19 -70.19
54.15 -70.19 -70.19
54.2 -70.19 -70.19
54.25 -70.19 -70.19
54.3 -70.19 -70.19
54.35 -70.19 -70.19
54.4 -70.19 -70.19
54.45 -70.19 -70.19
54.5 -70.19 -70.19
54.55 -70.19 -70.19
54.6 -70.19 -70.19
54.65 -70.19 -70.19
54.7 -70.19 -70.19
54.75 -70.19 -70.19
54.8 -70.19 -70.19
54.85 -70.19 -70.19
54.9 -70.19 -70.19
54.95 -70.1901 -70.1901
55 -70.1901 -70.1901
55.05 -70.1901 -70.1901
55.1 -70.1901 -70.1901
55.15 -70.1901 -70.1901
55.2 -70.1901 -70.1901
55.25 -70.1901 -70.1901
55.3 -70.1901 -70.1901
55.35 -70.1901 -70.1901
55.4 -70.1901 -70.1901
55.45 -70.1901 -70.1901
55.5 -70.1901 -70.1901
55.55 -70.1901 -70.1901
55.6 -70.1901 -70.1901
55.65 -70.1901 -70.1901
55.7 -70.1901 -70.1901
55.75 -70.1901 -70.1901
55.8 -70.1901 -70.1901
55.85 -70.1901 -70.1901
55.9 -70.1901 -70.1901
55.95 -70.1901 -70.1901
56 -70.1901 -70.1901
56.05 -70.1901 -70.1901
56.1 -70.1901 -70.1901
56.15 -70.1901 -70.1901
56.2 -70.1901 -70.1901
56.25 -70.1901 -70.1901
56.3 -70.1901 -70.1901
56.35 -70.1901 -70.1901
56.4 -70.1901 -70.1901
56.45 -70.1901 -70.1901
56.5 -70.1901 -70.1901
56.55 -70.1901 -70.1901
56.6 -70.1901 -70.1901
56.65 -70.1901 -70.1901
56.7 -70.1901 -70.1901
56.75 -70.1901 -70.1901
56.8 -70.1901 -70.1901
56.85 -70.1901 -70.1901
56.9 -70.1901 -70.1901
56.95 -70.1901 -70.1901
57 -70.1901 -70.1901
57.05 -70.1901 -70.1901
57.1 -70.1901 -70.1901
57.15 -70.1901 -70.1901
57.2 -70.1901 -70.1901
57.25 -70.1901 -70.1901
57.3 -70.1901 -70.1901
57.35 -70.1901 -70.1901
57.4 -70.1901 -70.1901
57.45 -70.1901 -70.1901
57.5 -70.1901 -70.1901
57.55 -70.1901 -70.1901
57.6 -70.1901 -70.1901
57.65 -70.1901 -70.1901
57.7 -70.1901 -70.1901
57.75 -70.1901 -70.1901
57.8 -70.1901 -70.1901
57.85 -70.1901 -70.1901
57.9 -70.1901 -70.1901
57.95 -70.1901 -70.1901
58 -70.1901 -70.1901
58.05 -70.1901 -70.1901
58.1 -70.1901 -70.1901
58.15 -70.1901 -70.1901
58.2 -70.1901 -70.1901
58.25 -70.1901 -70.1901
58.3 -70.1901 -70.1901
58.35 -70.1901 -70.1901
58.4 -70.1901 -70.1901
58.45 -70.1901 -70.1901
58.5 -70.1901 -70.1901
58.55 -70.1901 -70.1901
58.6 -70.1901 -70.1901
58.65 -70.1901 -70.1901
58.7 -70.1901 -70.1901
58.75 -70.1901 -70.1901
58.8 -70.1901 -70.1901
58.85 -70.1901 -70.1901
58.9 -70.1901 -70.1901
58.95 -70.1901 -70.1901
59 -70.1902 -70.1902
59.05 -70.1902 -70.1902
59.1 -70.1902 -70.1902
59.15 -70.1902 -70.1902
59.2 -70.1902 -70.1902
59.25 -70.1902 -70.1902
59.3 -70.1902 -70.1902
59.35 -70.1902 -70.1902
59.4 -70.1902 -70.1902
59.45 -70.1902 -70.1902
59.5 -70.1902 -70.1902
59.55 -70.1902 -70.1902
59.6 -70.1902 -70.1902
59.65 -70.1902 -70.1902
59.7 -70.1902 -70.1902
59.75 -70.1902 -70.1902
59.8 -70.1902 -70.1902
59.85 -70.1902 -70.1902
59.9 -70.1902 -70.1902
59.95 -70.1902 -70.1902
60 -70.1902 -70.1902
60.05 -70.1902 -70.1902
60.1 -70.1902 -70.1902
60.15 -70.1902 -70.1902
60.2 -70.1902 -70.1902
60.25 -70.1902 -70.1902
60.3 -70.1902 -70.1902
60.35 -70.1902 -70.1902
60.4 -70.1902 -70.1902
60.45 -70.1902 -70.1902
60.5 -70.1902 -70.1902
60.55 -70.1902 -70.1902
60.6 -70.1902 -70.1902
60.65 -70.1902 -70.1902
60.7 -70.1902 -70.1902
60.75 -70.1902 -70.1902
60.8 -70.1902 -70.1902
60.85 -70.1902 -70.1902
60.9 -70.1902 -70.1902
60.95 -70.1902 -70.1902
61 -70.1902 -70.1902
61.05 -70.1902 -70.1902
61.1 -70.1902 -70.1902
61.15 -70.1902 -70.1902
61.2 -70.1902 -70.1902
61.25 -70.1902 -70.1902
61.3 -70.1902 -70.1902
61.35 -70.1902 -70.1902
61.4 -70.1902 -70.1902
61.45 -70.1902 -70.1902
61.5 -70.1902 -70.1902
61.55 -70.1902 -70.1902
61.6 -70.1902 -70.1902
61.65 -70.1902 -70.1902
61.7 -70.1902 -70.1902
61.75 -70.1902 -70.1902
61.8 -70.1902 -70.1902
61.85 -70.1902 -70.1902
61.9 -70.1902 -70.1902
61.95 -70.1902 -70.1902
62 -70.1902 -70.1902
62.05 -70.1902 -70.1902
62.1 -70.1902 -70.1902
62.15 -70.1902 -70.1902
62.2 -70.1902 -70.1902
62.25 -70.1902 -70.1902
62.3 -70.1902 -70.1902
62.35 -70.1902 -70.1902
62.4 -70.1902 -70.1902
62.45 -70.1902 -70.1902
62.5 -70.1902 -70.1902
62.55 -70.1902 -70.1902
62.6 -70.1902 -70.1902
62.65 -70.1902 -70.1902
62.7 -70.1902 -70.1902
62.75 -70.1902 -70.1902
62.8 -70.1902 -70.1902
62.85 -70.1902 -70.1902
62.9 -70.1902 -70.1902
62.95 -70.1902 -70.1902
63 -70.1902 -70.1902
63.05 -70.1902 -70.1902
63.1 -70.1902 -70.1902
63.15 -70.1902 -70.1902
63.2 -70.1902 -70.1902
63.25 -70.1902 -70.1902
63.3 -70.1902 -70.1902
63.35 -70.1902 -70.1902
63.4 -70.1902 -70.1902
63.45 -70.1902 -70.1902
63.5 -70.1902 -70.1902
63.55 -70.1902 -70.1902
63.6 -70.1902 -70.1902
63.65 -70.1902 -70.1902
63.7 -70.1902 -70.1902
63.75 -70.1902 -70.1902
63.8 -70.1902 -70.1902
63.85 -70.1902 -70.1902
63.9 -70.1902 -70.1902
63.95 -70.1902 -70.1902
64 -70.1902 -70.1902
64.05 -70.1902 -70.1902
64.1 -70.1902 -70.1902
64.15 -70.1902 -70.1902
64.2 -70.1902 -70.1902
64.25 -70.1902 -70.1902
64.3 -70.1902 -70.1902
64.35 -70.1902 -70.1902
64.4 -70.1902 -70.1902
64.45 -70.1902 -70.1902
64.5 -70.1902 -70.1902
64.55 -70.1902 -70.1902
64.6 -70.1902 -70.1902
64.65 -70.1902 -70.1902
64.7 -70.1902 -70.1902
64.75 -70.1902 -70.1902
64.8 -70.1902 -70.1902
64.85 -70.1902 -70.1902
64.9 -70.1902 -70.1902
64.95 -70.1902 -70.1902
65 -70.1902 -70.1902
65.05 -70.1902 -70.1902
65.1 -70.1902 -70.1902
65.15 -70.1902 -70.1902
65.2 -70.1902 -70.1902
65.25 -70.1902 -70.1902
65.3 -70.1902 -70.1902
65.35 -70.1902 -70.1902
65.4 -70.1902 -70.1902
65.45 -70.1902 -70.1902
65.5 -70.1902 -70.1902
65.55 -70.1902 -70.1902
65.6 -70.1902 -70.1902
65.65 -70.1902 -70.1902
65.7 -70.1902 -70.1902
65.75 -70.1902 -70.1902
65.8 -70.1902 -70.1902
65.85 -70.1902 -70.1902
65.9 -70.1902 -70.1902
65.95 -70.1902 -70.1902
66 -70.1902 -70.1902
66.05 -70.1902 -70.1902
66.1 -70.1902 -70.1902
66.15 -70.1902 -70.1902
66.2 -70.1902 -70.1902
66.25 -70.1902 -70.1902
66.3 -70.1902 -70.1902
66.35 -70.1902 -70.1902
66.4 -70.1902 -70.1902
66.45 -70.1902 -70.1902
66.5 -70.1902 -70.1902
66.55 -70.1902 -70.1902
66.6 -70.1902 -70.1902
66.65 -70.1902 -70.1902
66.7 -70.1902 -70.1902
66.75 -70.1902 -70.1902
66.8 -70.1902 -70.1902
66.85 -70.1902 -70.1902
66.9 -70.1902 -70.1902
66.95 -70.1902 -70.1902
67 -70.1902 -70.1902
67.05 -70.1902 -70.1902
67.1 -70.1902 -70.1902
67.15 -70.1902 -70.1902
67.2 -70.1902 -70.1902
67.25 -70.1902 -70.1902
67.3 -70.1902 -70.1902
67.35 -70.1902 -70.1902
67.4 -70.1902 -70.1902
67.45 -70.1902 -70.1902
67.5 -70.1902 -70.1902
67.55 -70.1902 -70.1902
67.6 -70.1902 -70.1902
67.65 -70.1902 -70.1902
67.7 -70.1902 -70.1902
67.75 -70.1902 -70.1902
67.8 -70.1902 -70.1902
67.85 -70.1902 -70.1902
67.9 -70.1902 -70.1902
67.95 -70.1902 -70.1902
68 -70.1902 -70.1902
68.05 -70.1902 -70.1902
68.1 -70.1902 -70.1902
68.15 -70.1902 -70.1902
68.2 -70.1902 -70.1902
68.25 -70.1902 -70.1902
68.3 -70.1902 -70.1902
68.35 -70.1902 -70.1902
68.4 -70.1902 -70.1902
68.45 -70.1902 -70.1902
68.5 -70.1902 -70.1902
68.55 -70.1902 -70.1902
68.6 -70.1902 -70.1902
68.65 -70.1902 -70.1902
68.7 -70.1902 -70.1902
68.75 -70.1902 -70.1902
68.8 -70.1902 -70.1902
68.85 -70.1902 -70.1902
68.9 -70.1902 -70.1902
68.95 -70.1902 -70.1902
69 -70.1902 -70.1902
69.05 -70.1902 -70.1902
69.1 -70.1902 -70.1902
69.15 -70.1902 -70.1902
69.2 -70.1902 -70.1902
69.25 -70.1902 -70.1902
69.3 -70.1902 -70.1902
69.35 -70.1902 -70.1902
69.4 -70.1902 -70.1902
69.45 -70.1902 -70.1902
69.5 -70.1902 -70.1902
69.55 -70.1902 -70.1902
69.6 -70.1902 -70.1902
69.65 -70.1902 -70.1902
69.7 -70.1902 -70.1902
69.75 -70.1902 -70.1902
69.8 -70.1902 -70.1902
69.85 -70.1902 -70.1902
69.9 -70.1902 -70.1902
69.95 -70.1902 -70.1902
70 -70.1902 -70.1902
70.05 -70.1902 -70.1902
70.1 -70.1902 -70.1902
70.15 -70.1902 -70.1902
70.2 -70.1902 -70.1902
70.25 -70.1902 -70.1902
70.3 -70.1902 -70.1902
70.35 -70.1902 -70.1902
70.4 -70.1902 -70.1902
70.45 -70.1902 -70.1902
70.5 -70.1902 -70.1902
70.55 -70.1902 -70.1902
70.6 -70.1902 -70.1902
70.65 -70.1902 -70.1902
70.7 -70.1902 -70.1902
70.75 -70.1902 -70.1902
70.8 -70.1902 -70.1902
70.85 -70.1902 -70.1902
70.9 -70.1902 -70.1902
70.95 -70.1902 -70.1902
71 -70.1902 -70.1902
71.05 -70.1902 -70.1902
71.1 -70.1902 -70.1902
71.15 -70.1902 -70.1902
71.2 -70.1902 -70.1902
71.25 -70.1902 -70.1902
71.3 -70.1902 -70.1902
71.35 -70.1902 -70.1902
71.4 -70.1902 -70.1902
71.45 -70.1902 -70.1902
71.5 -70.1902 -70.1902
71.55 -70.1902 -70.1902
71.6 -70.1902 -70.1902
71.65 -70.1902 -70.1902
71.7 -70.1902 -70.1902
71.75 -70.1902 -70.1902
71.8 -70.1902 -70.1902
71.85 -70.1902 -70.1902
71.9 -70.1902 -70.1902
71.95 -70.1902 -70.1902
72 -70.1902 -70.1902
72.05 -70.1902 -70.1902
72.1 -70.1902 -70.1902
72.15 -70.1902 -70.1902
72.2 -70.1902 -70.1902
72.25 -70.1902 -70.1902
72.3 -70.1902 -70.1902
72.35 -70.1902 -70.1902
72.4 -70.1902 -70.1902
72.45 -70.1902 -70.1902
72.5 -70.1902 -70.1902
72.55 -70.1902 -70.1902
72.6 -70.1902 -70.1902
72.65 -70.1902 -70.1902
72.7 -70.1902 -70.1902
72.75 -70.1902 -70.1902
72.8 -70.1902 -70.1902
72.85 -70.1902 -70.1902
72.9 -70.1902 -70.1902
72.95 -70.1902 -70.1902
73 -70.1902 -70.1902
73.05 -70.1902 -70.1902
73.1 -70.1902 -70.1902
73.15 -70.1902 -70.1902
73.2 -70.1902 -70.1902
73.25 -70.1902 -70.1902
73.3 -70.1902 -70.1902
73.35 -70.1902 -70.1902
73.4 -70.1902 -70.1902
73.45 -70.1902 -70.1902
73.5 -70.1902 -70.1902
73.55 -70.1902 -70.1902
73.6 -70.1902 -70.1902
73.65 -70.1902 -70.1902
73.7 -70.1902 -70.1902
73.75 -70.1902 -70.1902
73.8 -70.1902 -70.1902
73.85 -70.1902 -70.1902
73.9 -70.1902 -70.1902
73.95 -70.1902 -70.1902
74 -70.1902 -70.1902
74.05 -70.1902 -70.1902
74.1 -70.1902 -70.1902
74.15 -70.1902 -70.1902
74.2 -70.1902 -70.1902
74.25 -70.1902 -70.1902
74.3 -70.1902 -70.1902
74.35 -70.1902 -70.1902
74.4 -70.1902 -70.1902
74.45 -70.1902 -70.1902
74.5 -70.1902 -70.1902
74.55 -70.1902 -70.1902
74.6 -70.1902 -70.1902
74.65 -70.1902 -70.1902
74.7 -70.1902 -70.1902
74.75 -70.1902 -70.1902
74.8 -70.1902 -70.1902
74.85 -70.1902 -70.1902
74.9 -70.1902 -70.1902
74.95 -70.1902 -70.1902
75 -70.1902 -70.1902
75.05 -70.1902 -70.1902
75.1 -70.1902 -70.1902
75.15 -70.1902 -70.1902
75.2 -70.1902 -70.1902
75.25 -70.1902 -70.1902
75.3 -70.1902 -70.1902
75.35 -70.1902 -70.1902
75.4 -70.1902 -70.1902
75.45 -70.1902 -70.1902
75.5 -70.1902 -70.1902
75.55 -70.1902 -70.1902
75.6 -70.1902 -70.1902
75.65 -70.1902 -70.1902
75.7 -70.1902 -70.1902
75.75 -70.1902 -70.1902
75.8 -70.1902 -70.1902
75.85 -70.1902 -70.1902
75.9 -70.1902 -70.1902
75.95 -70.1902 -70.1902
76 -70.1902 -70.1902
76.05 -70.1902 -70.1902
76.1 -70.1902 -70.1902
76.15 -70.1902 -70.1902
76.2 -70.1902 -70.1902
76.25 -70.1902 -70.1902
76.3 -70.1902 -70.1902
76.35 -70.1902 -70.1902
76.4 -70.1902 -70.1902
76.45 -70.1902 -70.1902
76.5 -70.1902 -70.1902
76.55 -70.1902 -70.1902
76.6 -70.1902 -70.1902
76.65 -70.1902 -70.1902
76.7 -70.1902 -70.1902
76.75 -70.1902 -70.1902
76.8 -70.1902 -70.1902
76.85 -70.1902 -70.1902
76.9 -70.1902 -70.1902
76.95 -70.1902 -70.1902
77 -70.1902 -70.1902
77.05 -70.1902 -70.1902
77.1 -70.1902 -70.1902
77.15 -70.1902 -70.1902
77.2 -70.1902 -70.1902
77.25 -70.1902 -70.1902
77.3 -70.1902 -70.1902
77.35 -70.1902 -70.1902
77.4 -70.1902 -70.1902
77.45 -70.1902 -70.1902
77.5 -70.1902 -70.1902
77.55 -70.1902 -70.1902
77.6 -70.1902 -70.1902
77.65 -70.1902 -70.1902
77.7 -70.1902 -70.1902
77.75 -70.1902 -70.1902
77.8 -70.1902 -70.1902
77.85 -70.1902 -70.1902
77.9 -70.1902 -70.1902
77.95 -70.1902 -70.1902
78 -70.1902 -70.1902
78.05 -70.1902 -70.1902
78.1 -70.1902 -70.1902
78.15 -70.1902 -70.1902
78.2 -70.1902 -70.1902
78.25 -70.1902 -70.1902
78.3 -70.1902 -70.1902
78.35 -70.1902 -70.1902
78.4 -70.1902 -70.1902
78.45 -70.1902 -70.1902
78.5 -70.1902 -70.1902
78.55 -70.1902 -70.1902
78.6 -70.1902 -70.1902
78.65 -70.1902 -70.1902
78.7 -70.1902 -70.1902
78.75 -70.1902 -70.1902
78.8 -70.1902 -70.1902
78.85 -70.1902 -70.1902
78.9 -70.1902 -70.1902
78.95 -70.1902 -70.1902
79 -70.1902 -70.1902
79.05 -70.1902 -70.1902
79.1 -70.1902 -70.1902
79.15 -70.1902 -70.1902
79.2 -70.1902 -70.1902
79.25 -70.1902 -70.1902
79.3 -70.1902 -70.1902
79.35 -70.1902 -70.1902
79.4 -70.1902 -70.1902
79.45 -70.1902 -70.1902
79.5 -70.1902 -70.1902
79.55 -70.1902 -70.1902
79.6 -70.1902 -70.1902
79.65 -70.1902 -70.1902
79.7 -70.1902 -70.1902
79.75 -70.1902 -70.1902
79.8 -70.1902 -70.1902
79.85 -70.1902 -70.1902
79.9 -70.1902 -70.1902
79.95 -70.1902 -70.1902
80 -70.1902 -70.1902
80.05 -70.1902 -70.1902
80.1 -70.1902 -70.1902
80.15 -70.1902 -70.1902
80.2 -70.1902 -70.1902
80.25 -70.1902 -70.1902
80.3 -70.1902 -70.1902
80.35 -70.1902 -70.1902
80.4 -70.1902 -70.1902
80.45 -70.1902 -70.1902
80.5 -70.1902 -70.1902
80.55 -70.1902 -70.1902
80.6 -70.1902 -70.1902
80.65 -70.1902 -70.1902
80.7 -70.1902 -70.1902
80.75 -70.1902 -70.1902
80.8 -70.1902 -70.1902
80.85 -70.1902 -70.1902
80.9 -70.1902 -70.1902
80.95 -70.1902 -70.1902
81 -70.1902 -70.1902
81.05 -70.1902 -70.1902
81.1 -70.1902 -70.1902
81.15 -70.1902 -70.1902
81.2 -70.1902 -70.1902
81.25 -70.1902 -70.1902
81.3 -70.1902 -70.1902
81.35 -70.1902 -70.1902
81.4 -70.1902 -70.1902
81.45 -70.1902 -70.1902
81.5 -70.1902 -70.1902
81.55 -70.1902 -70.1902
81.6 -70.1902 -70.1902
81.65 -70.1902 -70.1902
81.7 -70.1902 -70.1902
81.75 -70.1902 -70.1902
81.8 -70.1902 -70.1902
81.85 -70.1902 -70.1902
81.9 -70.1902 -70.1902
81.95 -70.1902 -70.1902
82 -70.1902 -70.1902
82.05 -70.1902 -70.1902
82.1 -70.1902 -70.1902
82.15 -70.1902 -70.1902
82.2 -70.1902 -70.1902
82.25 -70.1902 -70.1902
82.3 -70.1902 -70.1902
82.35 -70.1902 -70.1902
82.4 -70.1902 -70.1902
82.45 -70.1902 -70.1902
82.5 -70.1902 -70.1902
82.55 -70.1902 -70.1902
82.6 -70.1902 -70.1902
82.65 -70.1902 -70.1902
82.7 -70.1902 -70.1902
82.75 -70.1902 -70.1902
82.8 -70.1902 -70.1902
82.85 -70.1902 -70.1902
82.9 -70.1902 -70.1902
82.95 -70.1902 -70.1902
83 -70.1902 -70.1902
83.05 -70.1902 -70.1902
83.1 -70.1902 -70.1902
83.15 -70.1902 -70.1902
83.2 -70.1902 -70.1902
83.25 -70.1902 -70.1902
83.3 -70.1902 -70.1902
83.35 -70.1902 -70.1902
83.4 -70.1902 -70.1902
83.45 -70.1902 -70.1902
83.5 -70.1902 -70.1902
83.55 -70.1902 -70.1902
83.6 -70.1902 -70.1902
83.65 -70.1902 -70.1902
83.7 -70.1902 -70.1902
83.75 -70.1902 -70.1902
83.8 -70.1902 -70.1902
83.85 -70.1902 -70.1902
83.9 -70.1902 -70.1902
83.95 -70.1902 -70.1902
84 -70.1902 -70.1902
84.05 -70.1902 -70.1902
84.1 -70.1902 -70.1902
84.15 -70.1902 -70.1902
84.2 -70.1902 -70.1902
84.25 -70.1902 -70.1902
84.3 -70.1902 -70.1902
84.35 -70.1902 -70.1902
84.4 -70.1902 -70.1902
84.45 -70.1902 -70.1902
84.5 -70.1902 -70.1902
84.55 -70.1902 -70.1902
84.6 -70.1902 -70.1902
84.65 -70.1902 -70.1902
84.7 -70.1902 -70.1902
84.75 -70.1902 -70.1902
84.8 -70.1902 -70.1902
84.85 -70.1902 -70.1902
84.9 -70.1902 -70.1902
84.95 -70.1902 -70.1902
85 -70.1902 -70.1902
85.05 -70.1902 -70.1902
85.1 -70.1902 -70.1902
85.15 -70.1902 -70.1902
85.2 -70.1902 -70.1902
85.25 -70.1902 -70.1902
85.3 -70.1902 -70.1902
85.35 -70.1902 -70.1902
85.4 -70.1902 -70.1902
85.45 -70.1902 -70.1902
85.5 -70.1902 -70.1902
85.55 -70.1902 -70.1902
85.6 -70.1902 -70.1902
85.65 -70.1902 -70.1902
85.7 -70.1902 -70.1902
85.75 -70.1902 -70.1902
85.8 -70.1902 -70.1902
85.85 -70.1902 -70.1902
85.9 -70.1902 -70.1902
85.95 -70.1902 -70.1902
86 -70.1902 -70.1902
86.05 -70.1902 -70.1902
86.1 -70.1902 -70.1902
86.15 -70.1902 -70.1902
86.2 -70.1902 -70.1902
86.25 -70.1902 -70.1902
86.3 -70.1902 -70.1902
86.35 -70.1902 -70.1902
86.4 -70.1902 -70.1902
86.45 -70.1902 -70.1902
86.5 -70.1902 -70.1902
86.55 -70.1902 -70.1902
86.6 -70.1902 -70.1902
86.65 -70.1902 -70.1902
86.7 -70.1902 -70.1902
86.75 -70.1902 -70.1902
86.8 -70.1902 -70.1902
86.85 -70.1902 -70.1902
86.9 -70.1902 -70.1902
86.95 -70.1902 -70.1902
87 -70.1902 -70.1902
87.05 -70.1902 -70.1902
87.1 -70.1902 -70.1902
87.15 -70.1902 -70.1902
87.2 -70.1902 -70.1902
87.25 -70.1902 -70.1902
87.3 -70.1902 -70.1902
87.35 -70.1902 -70.1902
87.4 -70.1902 -70.1902
87.45 -70.1902 -70.1902
87.5 -70.1902 -70.1902
87.55 -70.1902 -70.1902
87.6 -70.1902 -70.1902
87.65 -70.1902 -70.1902
87.7 -70.1902 -70.1902
87.75 -70.1902 -70.1902
87.8 -70.1902 -70.1902
87.85 -70.1902 -70.1902
87.9 -70.1902 -70.1902
87.95 -70.1902 -70.1902
88 -70.1902 -70.1902
88.05 -70.1902 -70.1902
88.1 -70.1902 -70.1902
88.15 -70.1902 -70.1902
88.2 -70.1902 -70.1902
88.25 -70.1902 -70.1902
88.3 -70.1902 -70.1902
88.35 -70.1902 -70.1902
88.4 -70.1902 -70.1902
88.45 -70.1902 -70.1902
88.5 -70.1902 -70.1902
88.55 -70.1902 -70.1902
88.6 -70.1902 -70.1902
88.65 -70.1902 -70.1902
88.7 -70.1902 -70.1902
88.75 -70.1902 -70.1902
88.8 -70.1902 -70.1902
88.85 -70.1902 -70.1902
88.9 -70.1902 -70.1902
88.95 -70.1902 -70.1902
89 -70.1902 -70.1902
89.05 -70.1902 -70.1902
89.1 -70.1902 -70.1902
89.15 -70.1902 -70.1902
89.2 -70.1902 -70.1902
89.25 -70.1902 -70.1902
89.3 -70.1902 -70.1902
89.35 -70.1902 -70.1902
89.4 -70.1902 -70.1902
89.45 -70.1902 -70.1902
89.5 -70.1902 -70.1902
89.55 -70.1902 -70.1902
89.6 -70.1902 -70.1902
89.65 -70.1902 -70.1902
89.7 -70.1902 -70.1902
89.75 -70.1902 -70.1902
89.8 -70.1902 -70.1902
89.85 -70.1902 -70.1902
89.9 -70.1902 -70.1902
89.95 -70.1902 -70.1902
90 -70.1902 -70.1902
90.05 -70.1902 -70.1902
90.1 -70.1902 -70.1902
90.15 -70.1902 -70.1902
90.2 -70.1902 -70.1902
90.25 -70.1902 -70.1902
90.3 -70.1902 -70.1902
90.35 -70.1902 -70.1902
90.4 -70.1902 -70.1902
90.45 -70.1902 -70.1902
90.5 -70.1902 -70.1902
90.55 -70.1902 -70.1902
90.6 -70.1902 -70.1902
90.65 -70.1902 -70.1902
90.7 -70.1902 -70.1902
90.75 -70.1902 -70.1902
90.8 -70.1902 -70.1902
90.85 -70.1902 -70.1902
90.9 -70.1902 -70.1902
90.95 -70.1902 -70.1902
91 -70.1902 -70.1902
91.05 -70.1902 -70.1902
91.1 -70.1902 -70.1902
91.15 -70.1902 -70.1902
91.2 -70.1902 -70.1902
91.25 -70.1902 -70.1902
91.3 -70.1902 -70.1902
91.35 -70.1902 -70.1902
91.4 -70.1902 -70.1902
91.45 -70.1902 -70.1902
91.5 -70.1902 -70.1902
91.55 -70.1902 -70.1902
91.6 -70.1902 -70.1902
91.65 -70.1902 -70.1902
91.7 -70.1902 -70.1902
91.75 -70.1902 -70.1902
91.8 -70.1902 -70.1902
91.85 -70.1902 -70.1902
91.9 -70.1902 -70.1902
91.95 -70.1902 -70.1902
92 -70.1902 -70.1902
92.05 -70.1902 -70.1902
92.1 -70.1902 -70.1902
92.15 -70.1902 -70.1902
92.2 -70.1902 -70.1902
92.25 -70.1902 -70.1902
92.3 -70.1902 -70.1902
92.35 -70.1902 -70.1902
92.4 -70.1902 -70.1902
92.45 -70.1902 -70.1902
92.5 -70.1902 -70.1902
92.55 -70.1902 -70.1902
92.6 -70.1902 -70.1902
92.65 -70.1902 -70.1902
92.7 -70.1902 -70.1902
92.75 -70.1902 -70.1902
92.8 -70.1902 -70.1902
92.85 -70.1902 -70.1902
92.9 -70.1902 -70.1902
92.95 -70.1902 -70.1902
93 -70.1902 -70.1902
93.05 -70.1902 -70.1902
93.1 -70.1902 -70.1902
93.15 -70.1902 -70.1902
93.2 -70.1902 -70.1902
93.25 -70.1902 -70.1902
93.3 -70.1902 -70.1902
93.35 -70.1902 -70.1902
93.4 -70.1902 -70.1902
93.45 -70.1902 -70.1902
93.5 -70.1902 -70.1902
93.55 -70.1902 -70.1902
93.6 -70.1902 -70.1902
93.65 -70.1902 -70.1902
93.7 -70.1902 -70.1902
93.75 -70.1902 -70.1902
93.8 -70.1902 -70.1902
93.85 -70.1902 -70.1902
93.9 -70.1902 -70.1902
93.95 -70.1902 -70.1902
94 -70.1902 -70.1902
94.05 -70.1902 -70.1902
94.1 -70.1902 -70.1902
94.15 -70.1902 -70.1902
94.2 -70.1902 -70.1902
94.25 -70.1902 -70.1902
94.3 -70.1902 -70.1902
94.35 -70.1902 -70.1902
94.4 -70.1902 -70.1902
94.45 -70.1902 -70.1902
94.5 -70.1902 -70.1902
94.55 -70.1902 -70.1902
94.6 -70.1902 -70.1902
94.65 -70.1902 -70.1902
94.7 -70.1902 -70.1902
94.75 -70.1902 -70.1902
94.8 -70.1902 -70.1902
94.85 -70.1902 -70.1902
94.9 -70.1902 -70.1902
94.95 -70.1902 -70.1902
95 -70.1902 -70.1902
95.05 -70.1902 -70.1902
95.1 -70.1902 -70.1902
95.15 -70.1902 -70.1902
95.2 -70.1902 -70.1902
95.25 -70.1902 -70.1902
95.3 -70.1902 -70.1902
95.35 -70.1902 -70.1902
95.4 -70.1902 -70.1902
95.45 -70.1902 -70.1902
95.5 -70.1902 -70.1902
95.55 -70.1902 -70.1902
95.6 -70.1902 -70.1902
95.65 -70.1902 -70.1902
95.7 -70.1902 -70.1902
95.75 -70.1902 -70.1902
95.8 -70.1902 -70.1902
95.85 -70.1902 -70.1902
95.9 -70.1902 -70.1902
95.95 -70.1902 -70.1902
96 -70.1902 -70.1902
96.05 -70.1902 -70.1902
96.1 -70.1902 -70.1902
96.15 -70.1902 -70.1902
96.2 -70.1902 -70.1902
96.25 -70.1902 -70.1902
96.3 -70.1902 -70.1902
96.35 -70.1902 -70.1902
96.4 -70.1902 -70.1902
96.45 -70.1902 -70.1902
96.5 -70.1902 -70.1902
96.55 -70.1902 -70.1902
96.6 -70.1902 -70.1902
96.65 -70.1902 -70.1902
96.7 -70.1902 -70.1902
96.75 -70.1902 -70.1902
96.8 -70.1902 -70.1902
96.85 -70.1902 -70.1902
96.9 -70.1902 -70.1902
96.95 -70.1902 -70.1902
97 -70.1902 -70.1902
97.05 -70.1902 -70.1902
97.1 -70.1902 -70.1902
97.15 -70.1902 -70.1902
97.2 -70.1902 -70.1902
97.25 -70.1902 -70.1902
97.3 -70.1902 -70.1902
97.35 -70.1902 -70.1902
97.4 -70.1902 -70.1902
97.45 -70.1902 -70.1902
97.5 -70.1902 -70.1902
97.55 -70.1902 -70.1902
97.6 -70.1902 -70.1902
97.65 -70.1902 -70.1902
97.7 -70.1902 -70.1902
97.75 -70.1902 -70.1902
97.8 -70.1902 -70.1902
97.85 -70.1902 -70.1902
97.9 -70.1902 -70.1902
97.95 -70.1902 -70.1902
98 -70.1902 -70.1902
98.05 -70.1902 -70.1902
98.1 -70.1902 -70.1902
98.15 -70.1902 -70.1902
98.2 -70.1902 -70.1902
98.25 -70.1902 -70.1902
98.3 -70.1902 -70.1902
98.35 -70.1902 -70.1902
98.4 -70.1902 -70.1902
98.45 -70.1902 -70.1902
98.5 -70.1902 -70.1902
98.55 -70.1902 -70.1902
98.6 -70.1902 -70.1902
98.65 -70.1902 -70.1902
98.7 -70.1902 -70.1902
98.75 -70.1902 -70.1902
98.8 -70.1902 -70.1902
98.85 -70.1902 -70.1902
98.9 -70.1902 -70.1902
98.95 -70.1902 -70.1902
99 -70.1902 -70.1902
99.05 -70.1902 -70.1902
99.1 -70.1902 -70.1902
99.15 -70.1902 -70.1902
99.2 -70.1902 -70.1902
99.25 -70.1902 -70.1902
99.3 -70.1902 -70.1902
99.35 -70.1902 -70.1902
99.4 -70.1902 -70.1902
99.45 -70.1902 -70.1902
99.5 -70.1902 -70.1902
99.55 -70.1902 -70.1902
99.6 -70.1902 -70.1902
99.65 -70.1902 -70.1902
99.7 -70.1902 -70.1902
99.75 -70.1902 -70.1902
99.8 -70.1902 -70.1902
99.85 -70.1902 -70.1902
99.9 -70.1902 -70.1902
99.95 -70.1902 -70.1902
100 -70.1902 -70.1902
100.05 -70.1902 -70.1902
100.1 -70.1902 -70.1902
100.15 -70.1902 -70.1902
100.2 -70.1902 -70.1902
100.25 -70.1902 -70.1902
100.3 -70.1902 -70.1902
100.35 -70.1902 -70.1902
100.4 -70.1902 -70.1902
100.45 -70.1902 -70.1902
100.5 -70.1902 -70.1902
100.55 -70.1902 -70.1902
100.6 -70.1902 -70.1902
100.65 -70.1902 -70.1902
100.7 -70.1902 -70.1902
100.75 -70.1902 -70.1902
100.8 -70.1902 -70.1902
100.85 -70.1902 -70.1902
100.9 -70.1902 -70.1902
100.95 -70.1902 -70.1902
101 -70.1902 -70.1902
101.05 -70.1902 -70.1902
101.1 -70.1902 -70.1902
101.15 -70.1902 -70.1902
101.2 -70.1902 -70.1902
101.25 -70.1902 -70.1902
101.3 -70.1902 -70.1902
101.35 -70.1902 -70.1902
101.4 -70.1902 -70.1902
101.45 -70.1902 -70.1902
101.5 -70.1902 -70.1902
101.55 -70.1902 -70.1902
101.6 -70.1902 -70.1902
101.65 -70.1902 -70.1902
101.7 -70.1902 -70.1902
101.75 -70.1902 -70.1902
101.8 -70.1902 -70.1902
101.85 -70.1902 -70.1902
101.9 -70.1902 -70.1902
101.95 -70.1902 -70.1902
102 -70.1902 -70.1902
102.05 -70.1902 -70.1902
102.1 -70.1902 -70.1902
102.15 -70.1902 -70.1902
102.2 -70.1902 -70.1902
102.25 -70.1902 -70.1902
102.3 -70.1902 -70.1902
102.35 -70.1902 -70.1902
102.4 -70.1902 -70.1902
102.45 -70.1902 -70.1902
102.5 -70.1902 -70.1902
102.55 -70.1902 -70.1902
102.6 -70.1902 -70.1902
102.65 -70.1902 -70.1902
102.7 -70.1902 -70.1902
102.75 -70.1902 -70.1902
102.8 -70.1902 -70.1902
102.85 -70.1902 -70.1902
102.9 -70.1902 -70.1902
102.95 -70.1902 -70.1902
103 -70.1902 -70.1902
103.05 -70.1902 -70.1902
103.1 -70.1902 -70.1902
103.15 -70.1902 -70.1902
103.2 -70.1902 -70.1902
103.25 -70.1902 -70.1902
103.3 -70.1902 -70.1902
103.35 -70.1902 -70.1902
103.4 -70.1902 -70.1902
103.45 -70.1902 -70.1902
103.5 -70.1902 -70.1902
103.55 -70.1902 -70.1902
103.6 -70.1902 -70.1902
103.65 -70.1902 -70.1902
103.7 -70.1902 -70.1902
103.75 -70.1902 -70.1902
103.8 -70.1902 -70.1902
103.85 -70.1902 -70.1902
103.9 -70.1902 -70.1902
103.95 -70.1902 -70.1902
104 -70.1902 -70.1902
104.05 -70.1902 -70.1902
104.1 -70.1902 -70.1902
104.15 -70.1902 -70.1902
104.2 -70.1902 -70.1902
104.25 -70.1902 -70.1902
104.3 -70.1902 -70.1902
104.35 -70.1902 -70.1902
104.4 -70.1902 -70.1902
104.45 -70.1902 -70.1902
104.5 -70.1902 -70.1902
104.55 -70.1902 -70.1902
104.6 -70.1902 -70.1902
104.65 -70.1902 -70.1902
104.7 -70.1902 -70.1902
104.75 -70.1902 -70.1902
104.8 -70.1902 -70.1902
104.85 -70.1902 -70.1902
104.9 -70.1902 -70.1902
104.95 -70.1902 -70.1902
105 -70.1902 -70.1902
105.05 -70.1902 -70.1902
105.1 -70.1902 -70.1902
105.15 -70.1902 -70.1902
105.2 -70.1902 -70.1902
105.25 -70.1902 -70.1902
105.3 -70.1902 -70.1902
105.35 -70.1902 -70.1902
105.4 -70.1902 -70.1902
105.45 -70.1902 -70.1902
105.5 -70.1902 -70.1902
105.55 -70.1902 -70.1902
105.6 -70.1902 -70.1902
105.65 -70.1902 -70.1902
105.7 -70.1902 -70.1902
105.75 -70.1902 -70.1902
105.8 -70.1902 -70.1902
105.85 -70.1902 -70.1902
105.9 -70.1902 -70.1902
105.95 -70.1902 -70.1902
106 -70.1902 -70.1902
106.05 -70.1902 -70.1902
106.1 -70.1902 -70.1902
106.15 -70.1902 -70.1902
106.2 -70.1902 -70.1902
106.25 -70.1902 -70.1902
106.3 -70.1902 -70.1902
106.35 -70.1902 -70.1902
106.4 -70.1902 -70.1902
106.45 -70.1902 -70.1902
106.5 -70.1902 -70.1902
106.55 -70.1902 -70.1902
106.6 -70.1902 -70.1902
106.65 -70.1902 -70.1902
106.7 -70.1902 -70.1902
106.75 -70.1902 -70.1902
106.8 -70.1902 -70.1902
106.85 -70.1902 -70.1902
106.9 -70.1902 -70.1902
106.95 -70.1902 -70.1902
107 -70.1902 -70.1902
107.05 -70.1902 -70.1902
107.1 -70.1902 -70.1902
107.15 -70.1902 -70.1902
107.2 -70.1902 -70.1902
107.25 -70.1902 -70.1902
107.3 -70.1902 -70.1902
107.35 -70.1902 -70.1902
107.4 -70.1902 -70.1902
107.45 -70.1902 -70.1902
107.5 -70.1902 -70.1902
107.55 -70.1902 -70.1902
107.6 -70.1902 -70.1902
107.65 -70.1902 -70.1902
107.7 -70.1902 -70.1902
107.75 -70.1902 -70.1902
107.8 -70.1902 -70.1902
107.85 -70.1902 -70.1902
107.9 -70.1902 -70.1902
107.95 -70.1902 -70.1902
108 -70.1902 -70.1902
108.05 -70.1902 -70.1902
108.1 -70.1902 -70.1902
108.15 -70.1902 -70.1902
108.2 -70.1902 -70.1902
108.25 -70.1902 -70.1902
108.3 -70.1902 -70.1902
108.35 -70.1902 -70.1902
108.4 -70.1902 -70.1902
108.45 -70.1902 -70.1902
108.5 -70.1902 -70.1902
108.55 -70.1902 -70.1902
108.6 -70.1902 -70.1902
108.65 -70.1902 -70.1902
108.7 -70.1902 -70.1902
108.75 -70.1902 -70.1902
108.8 -70.1902 -70.1902
108.85 -70.1902 -70.1902
108.9 -70.1902 -70.1902
108.95 -70.1902 -70.1902
109 -70.1902 -70.1902
109.05 -70.1902 -70.1902
109.1 -70.1902 -70.1902
109.15 -70.1902 -70.1902
109.2 -70.1902 -70.1902
109.25 -70.1902 -70.1902
109.3 -70.1902 -70.1902
109.35 -70.1902 -70.1902
109.4 -70.1902 -70.1902
109.45 -70.1902 -70.1902
109.5 -70.1902 -70.1902
109.55 -70.1902 -70.1902
109.6 -70.1902 -70.1902
109.65 -70.1902 -70.1902
109.7 -70.1902 -70.1902
109.75 -70.1902 -70.1902
109.8 -70.1902 -70.1902
109.85 -70.1902 -70.1902
109.9 -70.1902 -70.1902
109.95 -70.1902 -70.1902
110 -70.1902 -70.1902
110.05 -70.1902 -70.1902
110.1 -70.1902 -70.1902
110.15 -70.1902 -70.1902
110.2 -70.1902 -70.1902
110.25 -70.1902 -70.1902
110.3 -70.1902 -70.1902
110.35 -70.1902 -70.1902
110.4 -70.1902 -70.1902
110.45 -70.1902 -70.1902
110.5 -70.1902 -70.1902
110.55 -70.1902 -70.1902
110.6 -70.1902 -70.1902
110.65 -70.1902 -70.1902
110.7 -70.1902 -70.1902
110.75 -70.1902 -70.1902
110.8 -70.1902 -70.1902
110.85 -70.1902 -70.1902
110.9 -70.1902 -70.1902
110.95 -70.1902 -70.1902
111 -70.1902 -70.1902
111.05 -70.1902 -70.1902
111.1 -70.1902 -70.1902
111.15 -70.1902 -70.1902
111.2 -70.1902 -70.1902
111.25 -70.1902 -70.1902
111.3 -70.1902 -70.1902
111.35 -70.1902 -70.1902
111.4 -70.1902 -70.1902
111.45 -70.1902 -70.1902
111.5 -70.1902 -70.1902
111.55 -70.1902 -70.1902
111.6 -70.1902 -70.1902
111.65 -70.1902 -70.1902
111.7 -70.1902 -70.1902
111.75 -70.1902 -70.1902
111.8 -70.1902 -70.1902
111.85 -70.1902 -70.1902
111.9 -70.1902 -70.1902
111.95 -70.1902 -70.1902
112 -70.1902 -70.1902
112.05 -70.1902 -70.1902
112.1 -70.1902 -70.1902
112.15 -70.1902 -70.1902
112.2 -70.1902 -70.1902
112.25 -70.1902 -70.1902
112.3 -70.1902 -70.1902
112.35 -70.1902 -70.1902
112.4 -70.1902 -70.1902
112.45 -70.1902 -70.1902
112.5 -70.1902 -70.1902
112.55 -70.1902 -70.1902
112.6 -70.1902 -70.1902
112.65 -70.1902 -70.1902
112.7 -70.1902 -70.1902
112.75 -70.1902 -70.1902
112.8 -70.1902 -70.1902
112.85 -70.1902 -70.1902
112.9 -70.1902 -70.1902
112.95 -70.1902 -70.1902
113 -70.1902 -70.1902
113.05 -70.1902 -70.1902
113.1 -70.1902 -70.1902
113.15 -70.1902 -70.1902
113.2 -70.1902 -70.1902
113.25 -70.1902 -70.1902
113.3 -70.1902 -70.1902
113.35 -70.1902 -70.1902
113.4 -70.1902 -70.1902
113.45 -70.1902 -70.1902
113.5 -70.1902 -70.1902
113.55 -70.1902 -70.1902
113.6 -70.1902 -70.1902
113.65 -70.1902 -70.1902
113.7 -70.1902 -70.1902
113.75 -70.1902 -70.1902
113.8 -70.1902 -70.1902
113.85 -70.1902 -70.1902
113.9 -70.1902 -70.1902
113.95 -70.1902 -70.1902
114 -70.1902 -70.1902
114.05 -70.1902 -70.1902
114.1 -70.1902 -70.1902
114.15 -70.1902 -70.1902
114.2 -70.1902 -70.1902
114.25 -70.1902 -70.1902
114.3 -70.1902 -70.1902
114.35 -70.1902 -70.1902
114.4 -70.1902 -70.1902
114.45 -70.1902 -70.1902
114.5 -70.1902 -70.1902
114.55 -70.1902 -70.1902
114.6 -70.1902 -70.1902
114.65 -70.1902 -70.1902
114.7 -70.1902 -70.1902
114.75 -70.1902 -70.1902
114.8 -70.1902 -70.1902
114.85 -70.1902 -70.1902
114.9 -70.1902 -70.1902
114.95 -70.1902 -70.1902
115 -70.1902 -70.1902
115.05 -70.1902 -70.1902
115.1 -70.1902 -70.1902
115.15 -70.1902 -70.1902
115.2 -70.1902 -70.1902
115.25 -70.1902 -70.1902
115.3 -70.1902 -70.1902
115.35 -70.1902 -70.1902
115.4 -70.1902 -70.1902
115.45 -70.1902 -70.1902
115.5 -70.1902 -70.1902
115.55 -70.1902 -70.1902
115.6 -70.1902 -70.1902
115.65 -70.1902 -70.1902
115.7 -70.1902 -70.1902
115.75 -70.1902 -70.1902
115.8 -70.1902 -70.1902
115.85 -70.1902 -70.1902
115.9 -70.1902 -70.1902
115.95 -70.1902 -70.1902
116 -70.1902 -70.1902
116.05 -70.1902 -70.1902
116.1 -70.1902 -70.1902
116.15 -70.1902 -70.1902
116.2 -70.1902 -70.1902
116.25 -70.1902 -70.1902
116.3 -70.1902 -70.1902
116.35 -70.1902 -70.1902
116.4 -70.1902 -70.1902
116.45 -70.1902 -70.1902
116.5 -70.1902 -70.1902
116.55 -70.1902 -70.1902
116.6 -70.1902 -70.1902
116.65 -70.1902 -70.1902
116.7 -70.1902 -70.1902
116.75 -70.1902 -70.1902
116.8 -70.1902 -70.1902
116.85 -70.1902 -70.1902
116.9 -70.1902 -70.1902
116.95 -70.1902 -70.1902
117 -70.1902 -70.1902
117.05 -70.1902 -70.1902
117.1 -70.1902 -70.1902
117.15 -70.1902 -70.1902
117.2 -70.1902 -70.1902
117.25 -70.1902 -70.1902
117.3 -70.1902 -70.1902
117.35 -70.1902 -70.1902
117.4 -70.1902 -70.1902
117.45 -70.1902 -70.1902
117.5 -70.1902 -70.1902
117.55 -70.1902 -70.1902
117.6 -70.1902 -70.1902
117.65 -70.1902 -70.1902
117.7 -70.1902 -70.1902
117.75 -70.1902 -70.1902
117.8 -70.1902 -70.1902
117.85 -70.1902 -70.1902
117.9 -70.1902 -70.1902
117.95 -70.1902 -70.1902
118 -70.1902 -70.1902
118.05 -70.1902 -70.1902
118.1 -70.1902 -70.1902
118.15 -70.1902 -70.1902
118.2 -70.1902 -70.1902
118.25 -70.1902 -70.1902
118.3 -70.1902 -70.1902
118.35 -70.1902 -70.1902
118.4 -70.1902 -70.1902
118.45 -70.1902 -70.1902
118.5 -70.1902 -70.1902
118.55 -70.1902 -70.1902
118.6 -70.1902 -70.1902
118.65 -70.1902 -70.1902
118.7 -70.1902 -70.1902
118.75 -70.1902 -70.1902
118.8 -70.1902 -70.1902
118.85 -70.1902 -70.1902
118.9 -70.1902 -70.1902
118.95 -70.1902 -70.1902
119 -70.1902 -70.1902
119.05 -70.1902 -70.1902
119.1 -70.1902 -70.1902
119.15 -70.1902 -70.1902
119.2 -70.1902 -70.1902
119.25 -70.1902 -70.1902
119.3 -70.1902 -70.1902
119.35 -70.1902 -70.1902
119.4 -70.1902 -70.1902
119.45 -70.1902 -70.1902
119.5 -70.1902 -70.1902
119.55 -70.1902 -70.1902
119.6 -70.1902 -70.1902
119.65 -70.1902 -70.1902
119.7 -70.1902 -70.1902
119.75 -70.1902 -70.1902
119.8 -70.1902 -70.1902
119.85 -70.1902 -70.1902
119.9 -70.1902 -70.1902
119.95 -70.1902 -70.1902
120 -70.1902 -70.1902
120.05 -70.1902 -70.1902
120.1 -70.1902 -70.1902
120.15 -70.1902 -70.1902
120.2 -70.1902 -70.1902
120.25 -70.1902 -70.1902
120.3 -70.1902 -70.1902
120.35 -70.1902 -70.1902
120.4 -70.1902 -70.1902
120.45 -70.1902 -70.1902
120.5 -70.1902 -70.1902
120.55 -70.1902 -70.1902
120.6 -70.1902 -70.1902
120.65 -70.1902 -70.1902
120.7 -70.1902 -70.1902
120.75 -70.1902 -70.1902
120.8 -70.1902 -70.1902
120.85 -70.1902 -70.1902
120.9 -70.1902 -70.1902
120.95 -70.1902 -70.1902
121 -70.1902 -70.1902
121.05 -70.1902 -70.1902
121.1 -70.1902 -70.1902
121.15 -70.1902 -70.1902
121.2 -70.1902 -70.1902
121.25 -70.1902 -70.1902
121.3 -70.1902 -70.1902
121.35 -70.1902 -70.1902
121.4 -70.1902 -70.1902
121.45 -70.1902 -70.1902
121.5 -70.1902 -70.1902
121.55 -70.1902 -70.1902
121.6 -70.1902 -70.1902
121.65 -70.1902 -70.1902
121.7 -70.1902 -70.1902
121.75 -70.1902 -70.1902
121.8 -70.1902 -70.1902
121.85 -70.1902 -70.1902
121.9 -70.1902 -70.1902
121.95 -70.1902 -70.1902
122 -70.1902 -70.1902
122.05 -70.1902 -70.1902
122.1 -70.1902 -70.1902
122.15 -70.1902 -70.1902
122.2 -70.1902 -70.1902
122.25 -70.1902 -70.1902
122.3 -70.1902 -70.1902
122.35 -70.1902 -70.1902
122.4 -70.1902 -70.1902
122.45 -70.1902 -70.1902
122.5 -70.1902 -70.1902
122.55 -70.1902 -70.1902
122.6 -70.1902 -70.1902
122.65 -70.1902 -70.1902
122.7 -70.1902 -70.1902
122.75 -70.1902 -70.1902
122.8 -70.1902 -70.1902
122.85 -70.1902 -70.1902
122.9 -70.1902 -70.1902
122.95 -70.1902 -70.1902
123 -70.1902 -70.1902
123.05 -70.1902 -70.1902
123.1 -70.1902 -70.1902
123.15 -70.1902 -70.1902
123.2 -70.1902 -70.1902
123.25 -70.1902 -70.1902
123.3 -70.1902 -70.1902
123.35 -70.1902 -70.1902
123.4 -70.1902 -70.1902
123.45 -70.1902 -70.1902
123.5 -70.1902 -70.1902
123.55 -70.1902 -70.1902
123.6 -70.1902 -70.1902
123.65 -70.1902 -70.1902
123.7 -70.1902 -70.1902
123.75 -70.1902 -70.1902
123.8 -70.1902 -70.1902
123.85 -70.1902 -70.1902
123.9 -70.1902 -70.1902
123.95 -70.1902 -70.1902
124 -70.1902 -70.1902
124.05 -70.1902 -70.1902
124.1 -70.1902 -70.1902
124.15 -70.1902 -70.1902
124.2 -70.1902 -70.1902
124.25 -70.1902 -70.1902
124.3 -70.1902 -70.1902
124.35 -70.1902 -70.1902
124.4 -70.1902 -70.1902
124.45 -70.1902 -70.1902
124.5 -70.1902 -70.1902
124.55 -70.1902 -70.1902
124.6 -70.1902 -70.1902
124.65 -70.1902 -70.1902
124.7 -70.1902 -70.1902
124.75 -70.1902 -70.1902
124.8 -70.1902 -70.1902
124.85 -70.1902 -70.1902
124.9 -70.1902 -70.1902
124.95 -70.1902 -70.1902
125 -70.1902 -70.1902
125.05 -70.1902 -70.1902
125.1 -70.1902 -70.1902
125.15 -70.1902 -70.1902
125.2 -70.1902 -70.1902
125.25 -70.1902 -70.1902
125.3 -70.1902 -70.1902
125.35 -70.1902 -70.1902
125.4 -70.1902 -70.1902
125.45 -70.1902 -70.1902
125.5 -70.1902 -70.1902
125.55 -70.1902 -70.1902
125.6 -70.1902 -70.1902
125.65 -70.1902 -70.1902
125.7 -70.1902 -70.1902
125.75 -70.1902 -70.1902
125.8 -70.1902 -70.1902
125.85 -70.1902 -70.1902
125.9 -70.1902 -70.1902
125.95 -70.1902 -70.1902
126 -70.1902 -70.1902
126.05 -70.1902 -70.1902
126.1 -70.1902 -70.1902
126.15 -70.1902 -70.1902
126.2 -70.1902 -70.1902
126.25 -70.1902 -70.1902
126.3 -70.1902 -70.1902
126.35 -70.1902 -70.1902
126.4 -70.1902 -70.1902
126.45 -70.1902 -70.1902
126.5 -70.1902 -70.1902
126.55 -70.1902 -70.1902
126.6 -70.1902 -70.1902
126.65 -70.1902 -70.1902
126.7 -70.1902 -70.1902
126.75 -70.1902 -70.1902
126.8 -70.1902 -70.1902
126.85 -70.1902 -70.1902
126.9 -70.1902 -70.1902
126.95 -70.1902 -70.1902
127 -70.1902 -70.1902
127.05 -70.1902 -70.1902
127.1 -70.1902 -70.1902
127.15 -70.1902 -70.1902
127.2 -70.1902 -70.1902
127.25 -70.1902 -70.1902
127.3 -70.1902 -70.1902
127.35 -70.1902 -70.1902
127.4 -70.1902 -70.1902
127.45 -70.1902 -70.1902
127.5 -70.1902 -70.1902
127.55 -70.1902 -70.1902
127.6 -70.1902 -70.1902
127.65 -70.1902 -70.1902
127.7 -70.1902 -70.1902
127.75 -70.1902 -70.1902
127.8 -70.1902 -70.1902
127.85 -70.1902 -70.1902
127.9 -70.1902 -70.1902
127.95 -70.1902 -70.1902
128 -70.1902 -70.1902
128.05 -70.1902 -70.1902
128.1 -70.1902 -70.1902
128.15 -70.1902 -70.1902
128.2 -70.1902 -70.1902
128.25 -70.1902 -70.1902
128.3 -70.1902 -70.1902
128.35 -70.1902 -70.1902
128.4 -70.1902 -70.1902
128.45 -70.1902 -70.1902
128.5 -70.1902 -70.1902
128.55 -70.1902 -70.1902
128.6 -70.1902 -70.1902
128.65 -70.1902 -70.1902
128.7 -70.1902 -70.1902
128.75 -70.1902 -70.1902
128.8 -70.1902 -70.1902
128.85 -70.1902 -70.1902
128.9 -70.1902 -70.1902
128.95 -70.1902 -70.1902
129 -70.1902 -70.1902
129.05 -70.1902 -70.1902
129.1 -70.1902 -70.1902
129.15 -70.1902 -70.1902
129.2 -70.1902 -70.1902
129.25 -70.1902 -70.1902
129.3 -70.1902 -70.1902
129.35 -70.1902 -70.1902
129.4 -70.1902 -70.1902
129.45 -70.1902 -70.1902
129.5 -70.1902 -70.1902
129.55 -70.1902 -70.1902
129.6 -70.1902 -70.1902
129.65 -70.1902 -70.1902
129.7 -70.1902 -70.1902
129.75 -70.1902 -70.1902
129.8 -70.1902 -70.1902
129.85 -70.1902 -70.1902
129.9 -70.1902 -70.1902
129.95 -70.1902 -70.1902
130 -70.1902 -70.1902
130.05 -70.1902 -70.1902
130.1 -70.1902 -70.1902
130.15 -70.1902 -70.1902
130.2 -70.1902 -70.1902
130.25 -70.1902 -70.1902
130.3 -70.1902 -70.1902
130.35 -70.1902 -70.1902
130.4 -70.1902 -70.1902
130.45 -70.1902 -70.1902
130.5 -70.1902 -70.1902
130.55 -70.1902 -70.1902
130.6 -70.1902 -70.1902
130.65 -70.1902 -70.1902
130.7 -70.1902 -70.1902
130.75 -70.1902 -70.1902
130.8 -70.1902 -70.1902
130.85 -70.1902 -70.1902
130.9 -70.1902 -70.1902
130.95 -70.1902 -70.1902
131 -70.1902 -70.1902
131.05 -70.1902 -70.1902
131.1 -70.1902 -70.1902
131.15 -70.1902 -70.1902
131.2 -70.1902 -70.1902
131.25 -70.1902 -70.1902
131.3 -70.1902 -70.1902
131.35 -70.1902 -70.1902
131.4 -70.1902 -70.1902
131.45 -70.1902 -70.1902
131.5 -70.1902 -70.1902
131.55 -70.1902 -70.1902
131.6 -70.1902 -70.1902
131.65 -70.1902 -70.1902
131.7 -70.1902 -70.1902
131.75 -70.1902 -70.1902
131.8 -70.1902 -70.1902
131.85 -70.1902 -70.1902
131.9 -70.1902 -70.1902
131.95 -70.1902 -70.1902
132 -70.1902 -70.1902
132.05 -70.1902 -70.1902
132.1 -70.1902 -70.1902
132.15 -70.1902 -70.1902
132.2 -70.1902 -70.1902
132.25 -70.1902 -70.1902
132.3 -70.1902 -70.1902
132.35 -70.1902 -70.1902
132.4 -70.1902 -70.1902
132.45 -70.1902 -70.1902
132.5 -70.1902 -70.1902
132.55 -70.1902 -70.1902
132.6 -70.1902 -70.1902
132.65 -70.1902 -70.1902
132.7 -70.1902 -70.1902
132.75 -70.1902 -70.1902
132.8 -70.1902 -70.1902
132.85 -70.1902 -70.1902
132.9 -70.1902 -70.1902
132.95 -70.1902 -70.1902
133 -70.1902 -70.1902
133.05 -70.1902 -70.1902
133.1 -70.1902 -70.1902
133.15 -70.1902 -70.1902
133.2 -70.1902 -70.1902
133.25 -70.1902 -70.1902
133.3 -70.1902 -70.1902
133.35 -70.1902 -70.1902
133.4 -70.1902 -70.1902
133.45 -70.1902 -70.1902
133.5 -70.1902 -70.1902
133.55 -70.1902 -70.1902
133.6 -70.1902 -70.1902
133.65 -70.1902 -70.1902
133.7 -70.1902 -70.1902
133.75 -70.1902 -70.1902
133.8 -70.1902 -70.1902
133.85 -70.1902 -70.1902
133.9 -70.1902 -70.1902
133.95 -70.1902 -70.1902
134 -70.1902 -70.1902
134.05 -70.1902 -70.1902
134.1 -70.1902 -70.1902
134.15 -70.1902 -70.1902
134.2 -70.1902 -70.1902
134.25 -70.1902 -70.1902
134.3 -70.1902 -70.1902
134.35 -70.1902 -70.1902
134.4 -70.1902 -70.1902
134.45 -70.1902 -70.1902
134.5 -70.1902 -70.1902
134.55 -70.1902 -70.1902
134.6 -70.1902 -70.1902
134.65 -70.1902 -70.1902
134.7 -70.1902 -70.1902
134.75 -70.1902 -70.1902
134.8 -70.1902 -70.1902
134.85 -70.1902 -70.1902
134.9 -70.1902 -70.1902
134.95 -70.1902 -70.1902
135 -70.1902 -70.1902
135.05 -70.1902 -70.1902
135.1 -70.1902 -70.1902
135.15 -70.1902 -70.1902
135.2 -70.1902 -70.1902
135.25 -70.1902 -70.1902
135.3 -70.1902 -70.1902
135.35 -70.1902 -70.1902
135.4 -70.1902 -70.1902
135.45 -70.1902 -70.1902
135.5 -70.1902 -70.1902
135.55 -70.1902 -70.1902
135.6 -70.1902 -70.1902
135.65 -70.1902 -70.1902
135.7 -70.1902 -70.1902
135.75 -70.1902 -70.1902
135.8 -70.1902 -70.1902
135.85 -70.1902 -70.1902
135.9 -70.1902 -70.1902
135.95 -70.1902 -70.1902
136 -70.1902 -70.1902
136.05 -70.1902 -70.1902
136.1 -70.1902 -70.1902
136.15 -70.1902 -70.1902
136.2 -70.1902 -70.1902
136.25 -70.1902 -70.1902
136.3 -70.1902 -70.1902
136.35 -70.1902 -70.1902
136.4 -70.1902 -70.1902
136.45 -70.1902 -70.1902
136.5 -70.1902 -70.1902
136.55 -70.1902 -70.1902
136.6 -70.1902 -70.1902
136.65 -70.1902 -70.1902
136.7 -70.1902 -70.1902
136.75 -70.1902 -70.1902
136.8 -70.1902 -70.1902
136.85 -70.1902 -70.1902
136.9 -70.1902 -70.1902
136.95 -70.1902 -70.1902
137 -70.1902 -70.1902
137.05 -70.1902 -70.1902
137.1 -70.1902 -70.1902
137.15 -70.1902 -70.1902
137.2 -70.1902 -70.1902
137.25 -70.1902 -70.1902
137.3 -70.1902 -70.1902
137.35 -70.1902 -70.1902
137.4 -70.1902 -70.1902
137.45 -70.1902 -70.1902
137.5 -70.1902 -70.1902
137.55 -70.1902 -70.1902
137.6 -70.1902 -70.1902
137.65 -70.1902 -70.1902
137.7 -70.1902 -70.1902
137.75 -70.1902 -70.1902
137.8 -70.1902 -70.1902
137.85 -70.1902 -70.1902
137.9 -70.1902 -70.1902
137.95 -70.1902 -70.1902
138 -70.1902 -70.1902
138.05 -70.1902 -70.1902
138.1 -70.1902 -70.1902
138.15 -70.1902 -70.1902
138.2 -70.1902 -70.1902
138.25 -70.1902 -70.1902
138.3 -70.1902 -70.1902
138.35 -70.1902 -70.1902
138.4 -70.1902 -70.1902
138.45 -70.1902 -70.1902
138.5 -70.1902 -70.1902
138.55 -70.1902 -70.1902
138.6 -70.1902 -70.1902
138.65 -70.1902 -70.1902
138.7 -70.1902 -70.1902
138.75 -70.1902 -70.1902
138.8 -70.1902 -70.1902
138.85 -70.1902 -70.1902
138.9 -70.1902 -70.1902
138.95 -70.1902 -70.1902
139 -70.1902 -70.1902
139.05 -70.1902 -70.1902
139.1 -70.1902 -70.1902
139.15 -70.1902 -70.1902
139.2 -70.1902 -70.1902
139.25 -70.1902 -70.1902
139.3 -70.1902 -70.1902
139.35 -70.1902 -70.1902
139.4 -70.1902 -70.1902
139.45 -70.1902 -70.1902
139.5 -70.1902 -70.1902
139.55 -70.1902 -70.1902
139.6 -70.1902 -70.1902
139.65 -70.1902 -70.1902
139.7 -70.1902 -70.1902
139.75 -70.1902 -70.1902
139.8 -70.1902 -70.1902
139.85 -70.1902 -70.1902
139.9 -70.1902 -70.1902
139.95 -70.1902 -70.1902
140 -70.1902 -70.1902
140.05 -70.1902 -70.1902
140.1 -70.1902 -70.1902
140.15 -70.1902 -70.1902
140.2 -70.1902 -70.1902
140.25 -70.1902 -70.1902
140.3 -70.1902 -70.1902
140.35 -70.1902 -70.1902
140.4 -70.1902 -70.1902
140.45 -70.1902 -70.1902
140.5 -70.1902 -70.1902
140.55 -70.1902 -70.1902
140.6 -70.1902 -70.1902
140.65 -70.1902 -70.1902
140.7 -70.1902 -70.1902
140.75 -70.1902 -70.1902
140.8 -70.1902 -70.1902
140.85 -70.1902 -70.1902
140.9 -70.1902 -70.1902
140.95 -70.1902 -70.1902
141 -70.1902 -70.1902
141.05 -70.1902 -70.1902
141.1 -70.1902 -70.1902
141.15 -70.1902 -70.1902
141.2 -70.1902 -70.1902
141.25 -70.1902 -70.1902
141.3 -70.1902 -70.1902
141.35 -70.1902 -70.1902
141.4 -70.1902 -70.1902
141.45 -70.1902 -70.1902
141.5 -70.1902 -70.1902
141.55 -70.1902 -70.1902
141.6 -70.1902 -70.1902
141.65 -70.1902 -70.1902
141.7 -70.1902 -70.1902
141.75 -70.1902 -70.1902
141.8 -70.1902 -70.1902
141.85 -70.1902 -70.1902
141.9 -70.1902 -70.1902
141.95 -70.1902 -70.1902
142 -70.1902 -70.1902
142.05 -70.1902 -70.1902
142.1 -70.1902 -70.1902
142.15 -70.1902 -70.1902
142.2 -70.1902 -70.1902
142.25 -70.1902 -70.1902
142.3 -70.1902 -70.1902
142.35 -70.1902 -70.1902
142.4 -70.1902 -70.1902
142.45 -70.1902 -70.1902
142.5 -70.1902 -70.1902
142.55 -70.1902 -70.1902
142.6 -70.1902 -70.1902
142.65 -70.1902 -70.1902
142.7 -70.1902 -70.1902
142.75 -70.1902 -70.1902
142.8 -70.1902 -70.1902
142.85 -70.1902 -70.1902
142.9 -70.1902 -70.1902
142.95 -70.1902 -70.1902
143 -70.1902 -70.1902
143.05 -70.1902 -70.1902
143.1 -70.1902 -70.1902
143.15 -70.1902 -70.1902
143.2 -70.1902 -70.1902
143.25 -70.1902 -70.1902
143.3 -70.1902 -70.1902
143.35 -70.1902 -70.1902
143.4 -70.1902 -70.1902
143.45 -70.1902 -70.1902
143.5 -70.1902 -70.1902
143.55 -70.1902 -70.1902
143.6 -70.1902 -70.1902
143.65 -70.1902 -70.1902
143.7 -70.1902 -70.1902
143.75 -70.1902 -70.1902
143.8 -70.1902 -70.1902
143.85 -70.1902 -70.1902
143.9 -70.1902 -70.1902
143.95 -70.1902 -70.1902
144 -70.1902 -70.1902
144.05 -70.1902 -70.1902
144.1 -70.1902 -70.1902
144.15 -70.1902 -70.1902
144.2 -70.1902 -70.1902
144.25 -70.1902 -70.1902
144.3 -70.1902 -70.1902
144.35 -70.1902 -70.1902
144.4 -70.1902 -70.1902
144.45 -70.1902 -70.1902
144.5 -70.1902 -70.1902
144.55 -70.1902 -70.1902
144.6 -70.1902 -70.1902
144.65 -70.1902 -70.1902
144.7 -70.1902 -70.1902
144.75 -70.1902 -70.1902
144.8 -70.1902 -70.1902
144.85 -70.1902 -70.1902
144.9 -70.1902 -70.1902
144.95 -70.1902 -70.1902
145 -70.1902 -70.1902
145.05 -70.1902 -70.1902
145.1 -70.1902 -70.1902
145.15 -70.1902 -70.1902
145.2 -70.1902 -70.1902
145.25 -70.1902 -70.1902
145.3 -70.1902 -70.1902
145.35 -70.1902 -70.1902
145.4 -70.1902 -70.1902
145.45 -70.1902 -70.1902
145.5 -70.1902 -70.1902
145.55 -70.1902 -70.1902
145.6 -70.1902 -70.1902
145.65 -70.1902 -70.1902
145.7 -70.1902 -70.1902
145.75 -70.1902 -70.1902
145.8 -70.1902 -70.1902
145.85 -70.1902 -70.1902
145.9 -70.1902 -70.1902
145.95 -70.1902 -70.1902
146 -70.1902 -70.1902
146.05 -70.1902 -70.1902
146.1 -70.1902 -70.1902
146.15 -70.1902 -70.1902
146.2 -70.1902 -70.1902
146.25 -70.1902 -70.1902
146.3 -70.1902 -70.1902
146.35 -70.1902 -70.1902
146.4 -70.1902 -70.1902
146.45 -70.1902 -70.1902
146.5 -70.1902 -70.1902
146.55 -70.1902 -70.1902
146.6 -70.1902 -70.1902
146.65 -70.1902 -70.1902
146.7 -70.1902 -70.1902
146.75 -70.1902 -70.1902
146.8 -70.1902 -70.1902
146.85 -70.1902 -70.1902
146.9 -70.1902 -70.1902
146.95 -70.1902 -70.1902
147 -70.1902 -70.1902
147.05 -70.1902 -70.1902
147.1 -70.1902 -70.1902
147.15 -70.1902 -70.1902
147.2 -70.1902 -70.1902
147.25 -70.1902 -70.1902
147.3 -70.1902 -70.1902
147.35 -70.1902 -70.1902
147.4 -70.1902 -70.1902
147.45 -70.1902 -70.1902
147.5 -70.1902 -70.1902
147.55 -70.1902 -70.1902
147.6 -70.1902 -70.1902
147.65 -70.1902 -70.1902
147.7 -70.1902 -70.1902
147.75 -70.1902 -70.1902
147.8 -70.1902 -70.1902
147.85 -70.1902 -70.1902
147.9 -70.1902 -70.1902
147.95 -70.1902 -70.1902
148 -70.1902 -70.1902
148.05 -70.1902 -70.1902
148.1 -70.1902 -70.1902
148.15 -70.1902 -70.1902
148.2 -70.1902 -70.1902
148.25 -70.1902 -70.1902
148.3 -70.1902 -70.1902
148.35 -70.1902 -70.1902
148.4 -70.1902 -70.1902
148.45 -70.1902 -70.1902
148.5 -70.1902 -70.1902
148.55 -70.1902 -70.1902
148.6 -70.1902 -70.1902
148.65 -70.1902 -70.1902
148.7 -70.1902 -70.1902
148.75 -70.1902 -70.1902
148.8 -70.1902 -70.1902
148.85 -70.1902 -70.1902
148.9 -70.1902 -70.1902
148.95 -70.1902 -70.1902
149 -70.1902 -70.1902
149.05 -70.1902 -70.1902
149.1 -70.1902 -70.1902
149.15 -70.1902 -70.1902
149.2 -70.1902 -70.1902
149.25 -70.1902 -70.1902
149.3 -70.1902 -70.1902
149.35 -70.1902 -70.1902
149.4 -70.1902 -70.1902
149.45 -70.1902 -70.1902
149.5 -70.1902 -70.1902
149.55 -70.1902 -70.1902
149.6 -70.1902 -70.1902
149.65 -70.1902 -70.1902
149.7 -70.1902 -70.1902
149.75 -70.1902 -70.1902
149.8 -70.1902 -70.1902
149.85 -70.1902 -70.1902
149.9 -70.1902 -70.1902
149.95 -70.1902 -70.1902
150 -70.1902 -70.1902
150.05 -70.1902 -70.1902
150.1 -70.1902 -70.1902
150.15 -70.1902 -70.1902
150.2 -70.1902 -70.1902
150.25 -70.1902 -70.1902
150.3 -70.1902 -70.1902
150.35 -70.1902 -70.1902
150.4 -70.1902 -70.1902
150.45 -70.1902 -70.1902
150.5 -70.1902 -70.1902
150.55 -70.1902 -70.1902
150.6 -70.1902 -70.1902
150.65 -70.1902 -70.1902
150.7 -70.1902 -70.1902
150.75 -70.1902 -70.1902
150.8 -70.1902 -70.1902
150.85 -70.1902 -70.1902
150.9 -70.1902 -70.1902
150.95 -70.1902 -70.1902
151 -70.1902 -70.1902
151.05 -70.1902 -70.1902
151.1 -70.1902 -70.1902
151.15 -70.1902 -70.1902
151.2 -70.1902 -70.1902
151.25 -70.1902 -70.1902
151.3 -70.1902 -70.1902
151.35 -70.1902 -70.1902
151.4 -70.1902 -70.1902
151.45 -70.1902 -70.1902
151.5 -70.1902 -70.1902
151.55 -70.1902 -70.1902
151.6 -70.1902 -70.1902
151.65 -70.1902 -70.1902
151.7 -70.1902 -70.1902
151.75 -70.1902 -70.1902
151.8 -70.1902 -70.1902
151.85 -70.1902 -70.1902
151.9 -70.1902 -70.1902
151.95 -70.1902 -70.1902
152 -70.1902 -70.1902
152.05 -70.1902 -70.1902
152.1 -70.1902 -70.1902
152.15 -70.1902 -70.1902
152.2 -70.1902 -70.1902
152.25 -70.1902 -70.1902
152.3 -70.1902 -70.1902
152.35 -70.1902 -70.1902
152.4 -70.1902 -70.1902
152.45 -70.1902 -70.1902
152.5 -70.1902 -70.1902
152.55 -70.1902 -70.1902
152.6 -70.1902 -70.1902
152.65 -70.1902 -70.1902
152.7 -70.1902 -70.1902
152.75 -70.1902 -70.1902
152.8 -70.1902 -70.1902
152.85 -70.1902 -70.1902
152.9 -70.1902 -70.1902
152.95 -70.1902 -70.1902
153 -70.1902 -70.1902
153.05 -70.1902 -70.1902
153.1 -70.1902 -70.1902
153.15 -70.1902 -70.1902
153.2 -70.1902 -70.1902
153.25 -70.1902 -70.1902
153.3 -70.1902 -70.1902
153.35 -70.1902 -70.1902
153.4 -70.1902 -70.1902
153.45 -70.1902 -70.1902
153.5 -70.1902 -70.1902
153.55 -70.1902 -70.1902
153.6 -70.1902 -70.1902
153.65 -70.1902 -70.1902
153.7 -70.1902 -70.1902
153.75 -70.1902 -70.1902
153.8 -70.1902 -70.1902
153.85 -70.1902 -70.1902
153.9 -70.1902 -70.1902
153.95 -70.1902 -70.1902
154 -70.1902 -70.1902
154.05 -70.1902 -70.1902
154.1 -70.1902 -70.1902
154.15 -70.1902 -70.1902
154.2 -70.1902 -70.1902
154.25 -70.1902 -70.1902
154.3 -70.1902 -70.1902
154.35 -70.1902 -70.1902
154.4 -70.1902 -70.1902
154.45 -70.1902 -70.1902
154.5 -70.1902 -70.1902
154.55 -70.1902 -70.1902
154.6 -70.1902 -70.1902
154.65 -70.1902 -70.1902
154.7 -70.1902 -70.1902
154.75 -70.1902 -70.1902
154.8 -70.1902 -70.1902
154.85 -70.1902 -70.1902
154.9 -70.1902 -70.1902
154.95 -70.1902 -70.1902
155 -70.1902 -70.1902
155.05 -70.1902 -70.1902
155.1 -70.1902 -70.1902
155.15 -70.1902 -70.1902
155.2 -70.1902 -70.1902
155.25 -70.1902 -70.1902
155.3 -70.1902 -70.1902
155.35 -70.1902 -70.1902
155.4 -70.1902 -70.1902
155.45 -70.1902 -70.1902
155.5 -70.1902 -70.1902
155.55 -70.1902 -70.1902
155.6 -70.1902 -70.1902
155.65 -70.1902 -70.1902
155.7 -70.1902 -70.1902
155.75 -70.1902 -70.1902
155.8 -70.1902 -70.1902
155.85 -70.1902 -70.1902
155.9 -70.1902 -70.1902
155.95 -70.1902 -70.1902
156 -70.1902 -70.1902
156.05 -70.1902 -70.1902
156.1 -70.1902 -70.1902
156.15 -70.1902 -70.1902
156.2 -70.1902 -70.1902
156.25 -70.1902 -70.1902
156.3 -70.1902 -70.1902
156.35 -70.1902 -70.1902
156.4 -70.1902 -70.1902
156.45 -70.1902 -70.1902
156.5 -70.1902 -70.1902
156.55 -70.1902 -70.1902
156.6 -70.1902 -70.1902
156.65 -70.1902 -70.1902
156.7 -70.1902 -70.1902
156.75 -70.1902 -70.1902
156.8 -70.1902 -70.1902
156.85 -70.1902 -70.1902
156.9 -70.1902 -70.1902
156.95 -70.1902 -70.1902
157 -70.1902 -70.1902
157.05 -70.1902 -70.1902
157.1 -70.1902 -70.1902
157.15 -70.1902 -70.1902
157.2 -70.1902 -70.1902
157.25 -70.1902 -70.1902
157.3 -70.1902 -70.1902
157.35 -70.1902 -70.1902
157.4 -70.1902 -70.1902
157.45 -70.1902 -70.1902
157.5 -70.1902 -70.1902
157.55 -70.1902 -70.1902
157.6 -70.1902 -70.1902
157.65 -70.1902 -70.1902
157.7 -70.1902 -70.1902
157.75 -70.1902 -70.1902
157.8 -70.1902 -70.1902
157.85 -70.1902 -70.1902
157.9 -70.1902 -70.1902
157.95 -70.1902 -70.1902
158 -70.1902 -70.1902
158.05 -70.1902 -70.1902
158.1 -70.1902 -70.1902
158.15 -70.1902 -70.1902
158.2 -70.1902 -70.1902
158.25 -70.1902 -70.1902
158.3 -70.1902 -70.1902
158.35 -70.1902 -70.1902
158.4 -70.1902 -70.1902
158.45 -70.1902 -70.1902
158.5 -70.1902 -70.1902
158.55 -70.1902 -70.1902
158.6 -70.1902 -70.1902
158.65 -70.1902 -70.1902
158.7 -70.1902 -70.1902
158.75 -70.1902 -70.1902
158.8 -70.1902 -70.1902
158.85 -70.1902 -70.1902
158.9 -70.1902 -70.1902
158.95 -70.1902 -70.1902
159 -70.1902 -70.1902
159.05 -70.1902 -70.1902
159.1 -70.1902 -70.1902
159.15 -70.1902 -70.1902
159.2 -70.1902 -70.1902
159.25 -70.1902 -70.1902
159.3 -70.1902 -70.1902
159.35 -70.1902 -70.1902
159.4 -70.1902 -70.1902
159.45 -70.1902 -70.1902
159.5 -70.1902 -70.1902
159.55 -70.1902 -70.1902
159.6 -70.1902 -70.1902
159.65 -70.1902 -70.1902
159.7 -70.1902 -70.1902
159.75 -70.1902 -70.1902
159.8 -70.1902 -70.1902
159.85 -70.1902 -70.1902
159.9 -70.1902 -70.1902
159.95 -70.1902 -70.1902
160 -70.1902 -70.1902
160.05 -70.1902 -70.1902
160.1 -70.1902 -70.1902
160.15 -70.1902 -70.1902
160.2 -70.1902 -70.1902
160.25 -70.1902 -70.1902
160.3 -70.1902 -70.1902
160.35 -70.1902 -70.1902
160.4 -70.1902 -70.1902
160.45 -70.1902 -70.1902
160.5 -70.1902 -70.1902
160.55 -70.1902 -70.1902
160.6 -70.1902 -70.1902
160.65 -70.1902 -70.1902
160.7 -70.1902 -70.1902
160.75 -70.1902 -70.1902
160.8 -70.1902 -70.1902
160.85 -70.1902 -70.1902
160.9 -70.1902 -70.1902
160.95 -70.1902 -70.1902
161 -70.1902 -70.1902
161.05 -70.1902 -70.1902
161.1 -70.1902 -70.1902
161.15 -70.1902 -70.1902
161.2 -70.1902 -70.1902
161.25 -70.1902 -70.1902
161.3 -70.1902 -70.1902
161.35 -70.1902 -70.1902
161.4 -70.1902 -70.1902
161.45 -70.1902 -70.1902
161.5 -70.1902 -70.1902
161.55 -70.1902 -70.1902
161.6 -70.1902 -70.1902
161.65 -70.1902 -70.1902
161.7 -70.1902 -70.1902
161.75 -70.1902 -70.1902
161.8 -70.1902 -70.1902
161.85 -70.1902 -70.1902
161.9 -70.1902 -70.1902
161.95 -70.1902 -70.1902
162 -70.1902 -70.1902
162.05 -70.1902 -70.1902
162.1 -70.1902 -70.1902
162.15 -70.1902 -70.1902
162.2 -70.1902 -70.1902
162.25 -70.1902 -70.1902
162.3 -70.1902 -70.1902
162.35 -70.1902 -70.1902
162.4 -70.1902 -70.1902
162.45 -70.1902 -70.1902
162.5 -70.1902 -70.1902
162.55 -70.1902 -70.1902
162.6 -70.1902 -70.1902
162.65 -70.1902 -70.1902
162.7 -70.1902 -70.1902
162.75 -70.1902 -70.1902
162.8 -70.1902 -70.1902
162.85 -70.1902 -70.1902
162.9 -70.1902 -70.1902
162.95 -70.1902 -70.1902
163 -70.1902 -70.1902
163.05 -70.1902 -70.1902
163.1 -70.1902 -70.1902
163.15 -70.1902 -70.1902
163.2 -70.1902 -70.1902
163.25 -70.1902 -70.1902
163.3 -70.1902 -70.1902
163.35 -70.1902 -70.1902
163.4 -70.1902 -70.1902
163.45 -70.1902 -70.1902
163.5 -70.1902 -70.1902
163.55 -70.1902 -70.1902
163.6 -70.1902 -70.1902
163.65 -70.1902 -70.1902
163.7 -70.1902 -70.1902
163.75 -70.1902 -70.1902
163.8 -70.1902 -70.1902
163.85 -70.1902 -70.1902
163.9 -70.1902 -70.1902
163.95 -70.1902 -70.1902
164 -70.1902 -70.1902
164.05 -70.1902 -70.1902
164.1 -70.1902 -70.1902
164.15 -70.1902 -70.1902
164.2 -70.1902 -70.1902
164.25 -70.1902 -70.1902
164.3 -70.1902 -70.1902
164.35 -70.1902 -70.1902
164.4 -70.1902 -70.1902
164.45 -70.1902 -70.1902
164.5 -70.1902 -70.1902
164.55 -70.1902 -70.1902
164.6 -70.1902 -70.1902
164.65 -70.1902 -70.1902
164.7 -70.1902 -70.1902
164.75 -70.1902 -70.1902
164.8 -70.1902 -70.1902
164.85 -70.1902 -70.1902
164.9 -70.1902 -70.1902
164.95 -70.1902 -70.1902
165 -70.1902 -70.1902
165.05 -70.1902 -70.1902
165.1 -70.1902 -70.1902
165.15 -70.1902 -70.1902
165.2 -70.1902 -70.1902
165.25 -70.1902 -70.1902
165.3 -70.1902 -70.1902
165.35 -70.1902 -70.1902
165.4 -70.1902 -70.1902
165.45 -70.1902 -70.1902
165.5 -70.1902 -70.1902
165.55 -70.1902 -70.1902
165.6 -70.1902 -70.1902
165.65 -70.1902 -70.1902
165.7 -70.1902 -70.1902
165.75 -70.1902 -70.1902
165.8 -70.1902 -70.1902
165.85 -70.1902 -70.1902
165.9 -70.1902 -70.1902
165.95 -70.1902 -70.1902
166 -70.1902 -70.1902
166.05 -70.1902 -70.1902
166.1 -70.1902 -70.1902
166.15 -70.1902 -70.1902
166.2 -70.1902 -70.1902
166.25 -70.1902 -70.1902
166.3 -70.1902 -70.1902
166.35 -70.1902 -70.1902
166.4 -70.1902 -70.1902
166.45 -70.1902 -70.1902
166.5 -70.1902 -70.1902
166.55 -70.1902 -70.1902
166.6 -70.1902 -70.1902
166.65 -70.1902 -70.1902
166.7 -70.1902 -70.1902
166.75 -70.1902 -70.1902
166.8 -70.1902 -70.1902
166.85 -70.1902 -70.1902
166.9 -70.1902 -70.1902
166.95 -70.1902 -70.1902
167 -70.1902 -70.1902
167.05 -70.1902 -70.1902
167.1 -70.1902 -70.1902
167.15 -70.1902 -70.1902
167.2 -70.1902 -70.1902
167.25 -70.1902 -70.1902
167.3 -70.1902 -70.1902
167.35 -70.1902 -70.1902
167.4 -70.1902 -70.1902
167.45 -70.1902 -70.1902
167.5 -70.1902 -70.1902
167.55 -70.1902 -70.1902
167.6 -70.1902 -70.1902
167.65 -70.1902 -70.1902
167.7 -70.1902 -70.1902
167.75 -70.1902 -70.1902
167.8 -70.1902 -70.1902
167.85 -70.1902 -70.1902
167.9 -70.1902 -70.1902
167.95 -70.1902 -70.1902
168 -70.1902 -70.1902
168.05 -70.1902 -70.1902
168.1 -70.1902 -70.1902
168.15 -70.1902 -70.1902
168.2 -70.1902 -70.1902
168.25 -70.1902 -70.1902
168.3 -70.1902 -70.1902
168.35 -70.1902 -70.1902
168.4 -70.1902 -70.1902
168.45 -70.1902 -70.1902
168.5 -70.1902 -70.1902
168.55 -70.1902 -70.1902
168.6 -70.1902 -70.1902
168.65 -70.1902 -70.1902
168.7 -70.1902 -70.1902
168.75 -70.1902 -70.1902
168.8 -70.1902 -70.1902
168.85 -70.1902 -70.1902
168.9 -70.1902 -70.1902
168.95 -70.1902 -70.1902
169 -70.1902 -70.1902
169.05 -70.1902 -70.1902
169.1 -70.1902 -70.1902
169.15 -70.1902 -70.1902
169.2 -70.1902 -70.1902
169.25 -70.1902 -70.1902
169.3 -70.1902 -70.1902
169.35 -70.1902 -70.1902
169.4 -70.1902 -70.1902
169.45 -70.1902 -70.1902
169.5 -70.1902 -70.1902
169.55 -70.1902 -70.1902
169.6 -70.1902 -70.1902
169.65 -70.1902 -70.1902
169.7 -70.1902 -70.1902
169.75 -70.1902 -70.1902
169.8 -70.1902 -70.1902
169.85 -70.1902 -70.1902
169.9 -70.1902 -70.1902
169.95 -70.1902 -70.1902
170 -70.1902 -70.1902
170.05 -70.1902 -70.1902
170.1 -70.1902 -70.1902
170.15 -70.1902 -70.1902
170.2 -70.1902 -70.1902
170.25 -70.1902 -70.1902
170.3 -70.1902 -70.1902
170.35 -70.1902 -70.1902
170.4 -70.1902 -70.1902
170.45 -70.1902 -70.1902
170.5 -70.1902 -70.1902
170.55 -70.1902 -70.1902
170.6 -70.1902 -70.1902
170.65 -70.1902 -70.1902
170.7 -70.1902 -70.1902
170.75 -70.1902 -70.1902
170.8 -70.1902 -70.1902
170.85 -70.1902 -70.1902
170.9 -70.1902 -70.1902
170.95 -70.1902 -70.1902
171 -70.1902 -70.1902
171.05 -70.1902 -70.1902
171.1 -70.1902 -70.1902
171.15 -70.1902 -70.1902
171.2 -70.1902 -70.1902
171.25 -70.1902 -70.1902
171.3 -70.1902 -70.1902
171.35 -70.1902 -70.1902
171.4 -70.1902 -70.1902
171.45 -70.1902 -70.1902
171.5 -70.1902 -70.1902
171.55 -70.1902 -70.1902
171.6 -70.1902 -70.1902
171.65 -70.1902 -70.1902
171.7 -70.1902 -70.1902
171.75 -70.1902 -70.1902
171.8 -70.1902 -70.1902
171.85 -70.1902 -70.1902
171.9 -70.1902 -70.1902
171.95 -70.1902 -70.1902
172 -70.1902 -70.1902
172.05 -70.1902 -70.1902
172.1 -70.1902 -70.1902
172.15 -70.1902 -70.1902
172.2 -70.1902 -70.1902
172.25 -70.1902 -70.1902
172.3 -70.1902 -70.1902
172.35 -70.1902 -70.1902
172.4 -70.1902 -70.1902
172.45 -70.1902 -70.1902
172.5 -70.1902 -70.1902
172.55 -70.1902 -70.1902
172.6 -70.1902 -70.1902
172.65 -70.1902 -70.1902
172.7 -70.1902 -70.1902
172.75 -70.1902 -70.1902
172.8 -70.1902 -70.1902
172.85 -70.1902 -70.1902
172.9 -70.1902 -70.1902
172.95 -70.1902 -70.1902
173 -70.1902 -70.1902
173.05 -70.1902 -70.1902
173.1 -70.1902 -70.1902
173.15 -70.1902 -70.1902
173.2 -70.1902 -70.1902
173.25 -70.1902 -70.1902
173.3 -70.1902 -70.1902
173.35 -70.1902 -70.1902
173.4 -70.1902 -70.1902
173.45 -70.1902 -70.1902
173.5 -70.1902 -70.1902
173.55 -70.1902 -70.1902
173.6 -70.1902 -70.1902
173.65 -70.1902 -70.1902
173.7 -70.1902 -70.1902
173.75 -70.1902 -70.1902
173.8 -70.1902 -70.1902
173.85 -70.1902 -70.1902
173.9 -70.1902 -70.1902
173.95 -70.1902 -70.1902
174 -70.1902 -70.1902
174.05 -70.1902 -70.1902
174.1 -70.1902 -70.1902
174.15 -70.1902 -70.1902
174.2 -70.1902 -70.1902
174.25 -70.1902 -70.1902
174.3 -70.1902 -70.1902
174.35 -70.1902 -70.1902
174.4 -70.1902 -70.1902
174.45 -70.1902 -70.1902
174.5 -70.1902 -70.1902
174.55 -70.1902 -70.1902
174.6 -70.1902 -70.1902
174.65 -70.1902 -70.1902
174.7 -70.1902 -70.1902
174.75 -70.1902 -70.1902
174.8 -70.1902 -70.1902
174.85 -70.1902 -70.1902
174.9 -70.1902 -70.1902
174.95 -70.1902 -70.1902
175 -70.1902 -70.1902
175.05 -70.1902 -70.1902
175.1 -70.1902 -70.1902
175.15 -70.1902 -70.1902
175.2 -70.1902 -70.1902
175.25 -70.1902 -70.1902
175.3 -70.1902 -70.1902
175.35 -70.1902 -70.1902
175.4 -70.1902 -70.1902
175.45 -70.1902 -70.1902
175.5 -70.1902 -70.1902
175.55 -70.1902 -70.1902
175.6 -70.1902 -70.1902
175.65 -70.1902 -70.1902
175.7 -70.1902 -70.1902
175.75 -70.1902 -70.1902
175.8 -70.1902 -70.1902
175.85 -70.1902 -70.1902
175.9 -70.1902 -70.1902
175.95 -70.1902 -70.1902
176 -70.1902 -70.1902
176.05 -70.1902 -70.1902
176.1 -70.1902 -70.1902
176.15 -70.1902 -70.1902
176.2 -70.1902 -70.1902
176.25 -70.1902 -70.1902
176.3 -70.1902 -70.1902
176.35 -70.1902 -70.1902
176.4 -70.1902 -70.1902
176.45 -70.1902 -70.1902
176.5 -70.1902 -70.1902
176.55 -70.1902 -70.1902
176.6 -70.1902 -70.1902
176.65 -70.1902 -70.1902
176.7 -70.1902 -70.1902
176.75 -70.1902 -70.1902
176.8 -70.1902 -70.1902
176.85 -70.1902 -70.1902
176.9 -70.1902 -70.1902
176.95 -70.1902 -70.1902
177 -70.1902 -70.1902
177.05 -70.1902 -70.1902
177.1 -70.1902 -70.1902
177.15 -70.1902 -70.1902
177.2 -70.1902 -70.1902
177.25 -70.1902 -70.1902
177.3 -70.1902 -70.1902
177.35 -70.1902 -70.1902
177.4 -70.1902 -70.1902
177.45 -70.1902 -70.1902
177.5 -70.1902 -70.1902
177.55 -70.1902 -70.1902
177.6 -70.1902 -70.1902
177.65 -70.1902 -70.1902
177.7 -70.1902 -70.1902
177.75 -70.1902 -70.1902
177.8 -70.1902 -70.1902
177.85 -70.1902 -70.1902
177.9 -70.1902 -70.1902
177.95 -70.1902 -70.1902
178 -70.1902 -70.1902
178.05 -70.1902 -70.1902
178.1 -70.1902 -70.1902
178.15 -70.1902 -70.1902
178.2 -70.1902 -70.1902
178.25 -70.1902 -70.1902
178.3 -70.1902 -70.1902
178.35 -70.1902 -70.1902
178.4 -70.1902 -70.1902
178.45 -70.1902 -70.1902
178.5 -70.1902 -70.1902
178.55 -70.1902 -70.1902
178.6 -70.1902 -70.1902
178.65 -70.1902 -70.1902
178.7 -70.1902 -70.1902
178.75 -70.1902 -70.1902
178.8 -70.1902 -70.1902
178.85 -70.1902 -70.1902
178.9 -70.1902 -70.1902
178.95 -70.1902 -70.1902
179 -70.1902 -70.1902
179.05 -70.1902 -70.1902
179.1 -70.1902 -70.1902
179.15 -70.1902 -70.1902
179.2 -70.1902 -70.1902
179.25 -70.1902 -70.1902
179.3 -70.1902 -70.1902
179.35 -70.1902 -70.1902
179.4 -70.1902 -70.1902
179.45 -70.1902 -70.1902
179.5 -70.1902 -70.1902
179.55 -70.1902 -70.1902
179.6 -70.1902 -70.1902
179.65 -70.1902 -70.1902
179.7 -70.1902 -70.1902
179.75 -70.1902 -70.1902
179.8 -70.1902 -70.1902
179.85 -70.1902 -70.1902
179.9 -70.1902 -70.1902
179.95 -70.1902 -70.1902
180 -70.1902 -70.1902
180.05 -70.1902 -70.1902
180.1 -70.1902 -70.1902
180.15 -70.1902 -70.1902
180.2 -70.1902 -70.1902
180.25 -70.1902 -70.1902
180.3 -70.1902 -70.1902
180.35 -70.1902 -70.1902
180.4 -70.1902 -70.1902
180.45 -70.1902 -70.1902
180.5 -70.1902 -70.1902
180.55 -70.1902 -70.1902
180.6 -70.1902 -70.1902
180.65 -70.1902 -70.1902
180.7 -70.1902 -70.1902
180.75 -70.1902 -70.1902
180.8 -70.1902 -70.1902
180.85 -70.1902 -70.1902
180.9 -70.1902 -70.1902
180.95 -70.1902 -70.1902
181 -70.1902 -70.1902
181.05 -70.1902 -70.1902
181.1 -70.1902 -70.1902
181.15 -70.1902 -70.1902
181.2 -70.1902 -70.1902
181.25 -70.1902 -70.1902
181.3 -70.1902 -70.1902
181.35 -70.1902 -70.1902
181.4 -70.1902 -70.1902
181.45 -70.1902 -70.1902
181.5 -70.1902 -70.1902
181.55 -70.1902 -70.1902
181.6 -70.1902 -70.1902
181.65 -70.1902 -70.1902
181.7 -70.1902 -70.1902
181.75 -70.1902 -70.1902
181.8 -70.1902 -70.1902
181.85 -70.1902 -70.1902
181.9 -70.1902 -70.1902
181.95 -70.1902 -70.1902
182 -70.1902 -70.1902
182.05 -70.1902 -70.1902
182.1 -70.1902 -70.1902
182.15 -70.1902 -70.1902
182.2 -70.1902 -70.1902
182.25 -70.1902 -70.1902
182.3 -70.1902 -70.1902
182.35 -70.1902 -70.1902
182.4 -70.1902 -70.1902
182.45 -70.1902 -70.1902
182.5 -70.1902 -70.1902
182.55 -70.1902 -70.1902
182.6 -70.1902 -70.1902
182.65 -70.1902 -70.1902
182.7 -70.1902 -70.1902
182.75 -70.1902 -70.1902
182.8 -70.1902 -70.1902
182.85 -70.1902 -70.1902
182.9 -70.1902 -70.1902
182.95 -70.1902 -70.1902
183 -70.1902 -70.1902
183.05 -70.1902 -70.1902
183.1 -70.1902 -70.1902
183.15 -70.1902 -70.1902
183.2 -70.1902 -70.1902
183.25 -70.1902 -70.1902
183.3 -70.1902 -70.1902
183.35 -70.1902 -70.1902
183.4 -70.1902 -70.1902
183.45 -70.1902 -70.1902
183.5 -70.1902 -70.1902
183.55 -70.1902 -70.1902
183.6 -70.1902 -70.1902
183.65 -70.1902 -70.1902
183.7 -70.1902 -70.1902
183.75 -70.1902 -70.1902
183.8 -70.1902 -70.1902
183.85 -70.1902 -70.1902
183.9 -70.1902 -70.1902
183.95 -70.1902 -70.1902
184 -70.1902 -70.1902
184.05 -70.1902 -70.1902
184.1 -70.1902 -70.1902
184.15 -70.1902 -70.1902
184.2 -70.1902 -70.1902
184.25 -70.1902 -70.1902
184.3 -70.1902 -70.1902
184.35 -70.1902 -70.1902
184.4 -70.1902 -70.1902
184.45 -70.1902 -70.1902
184.5 -70.1902 -70.1902
184.55 -70.1902 -70.1902
184.6 -70.1902 -70.1902
184.65 -70.1902 -70.1902
184.7 -70.1902 -70.1902
184.75 -70.1902 -70.1902
184.8 -70.1902 -70.1902
184.85 -70.1902 -70.1902
184.9 -70.1902 -70.1902
184.95 -70.1902 -70.1902
185 -70.1902 -70.1902
185.05 -70.1902 -70.1902
185.1 -70.1902 -70.1902
185.15 -70.1902 -70.1902
185.2 -70.1902 -70.1902
185.25 -70.1902 -70.1902
185.3 -70.1902 -70.1902
185.35 -70.1902 -70.1902
185.4 -70.1902 -70.1902
185.45 -70.1902 -70.1902
185.5 -70.1902 -70.1902
185.55 -70.1902 -70.1902
185.6 -70.1902 -70.1902
185.65 -70.1902 -70.1902
185.7 -70.1902 -70.1902
185.75 -70.1902 -70.1902
185.8 -70.1902 -70.1902
185.85 -70.1902 -70.1902
185.9 -70.1902 -70.1902
185.95 -70.1902 -70.1902
186 -70.1902 -70.1902
186.05 -70.1902 -70.1902
186.1 -70.1902 -70.1902
186.15 -70.1902 -70.1902
186.2 -70.1902 -70.1902
186.25 -70.1902 -70.1902
186.3 -70.1902 -70.1902
186.35 -70.1902 -70.1902
186.4 -70.1902 -70.1902
186.45 -70.1902 -70.1902
186.5 -70.1902 -70.1902
186.55 -70.1902 -70.1902
186.6 -70.1902 -70.1902
186.65 -70.1902 -70.1902
186.7 -70.1902 -70.1902
186.75 -70.1902 -70.1902
186.8 -70.1902 -70.1902
186.85 -70.1902 -70.1902
186.9 -70.1902 -70.1902
186.95 -70.1902 -70.1902
187 -70.1902 -70.1902
187.05 -70.1902 -70.1902
187.1 -70.1902 -70.1902
187.15 -70.1902 -70.1902
187.2 -70.1902 -70.1902
187.25 -70.1902 -70.1902
187.3 -70.1902 -70.1902
187.35 -70.1902 -70.1902
187.4 -70.1902 -70.1902
187.45 -70.1902 -70.1902
187.5 -70.1902 -70.1902
187.55 -70.1902 -70.1902
187.6 -70.1902 -70.1902
187.65 -70.1902 -70.1902
187.7 -70.1902 -70.1902
187.75 -70.1902 -70.1902
187.8 -70.1902 -70.1902
187.85 -70.1902 -70.1902
187.9 -70.1902 -70.1902
187.95 -70.1902 -70.1902
188 -70.1902 -70.1902
188.05 -70.1902 -70.1902
188.1 -70.1902 -70.1902
188.15 -70.1902 -70.1902
188.2 -70.1902 -70.1902
188.25 -70.1902 -70.1902
188.3 -70.1902 -70.1902
188.35 -70.1902 -70.1902
188.4 -70.1902 -70.1902
188.45 -70.1902 -70.1902
188.5 -70.1902 -70.1902
188.55 -70.1902 -70.1902
188.6 -70.1902 -70.1902
188.65 -70.1902 -70.1902
188.7 -70.1902 -70.1902
188.75 -70.1902 -70.1902
188.8 -70.1902 -70.1902
188.85 -70.1902 -70.1902
188.9 -70.1902 -70.1902
188.95 -70.1902 -70.1902
189 -70.1902 -70.1902
189.05 -70.1902 -70.1902
189.1 -70.1902 -70.1902
189.15 -70.1902 -70.1902
189.2 -70.1902 -70.1902
189.25 -70.1902 -70.1902
189.3 -70.1902 -70.1902
189.35 -70.1902 -70.1902
189.4 -70.1902 -70.1902
189.45 -70.1902 -70.1902
189.5 -70.1902 -70.1902
189.55 -70.1902 -70.1902
189.6 -70.1902 -70.1902
189.65 -70.1902 -70.1902
189.7 -70.1902 -70.1902
189.75 -70.1902 -70.1902
189.8 -70.1902 -70.1902
189.85 -70.1902 -70.1902
189.9 -70.1902 -70.1902
189.95 -70.1902 -70.1902
190 -70.1902 -70.1902
190.05 -70.1902 -70.1902
190.1 -70.1902 -70.1902
190.15 -70.1902 -70.1902
190.2 -70.1902 -70.1902
190.25 -70.1902 -70.1902
190.3 -70.1902 -70.1902
190.35 -70.1902 -70.1902
190.4 -70.1902 -70.1902
190.45 -70.1902 -70.1902
190.5 -70.1902 -70.1902
190.55 -70.1902 -70.1902
190.6 -70.1902 -70.1902
190.65 -70.1902 -70.1902
190.7 -70.1902 -70.1902
190.75 -70.1902 -70.1902
190.8 -70.1902 -70.1902
190.85 -70.1902 -70.1902
190.9 -70.1902 -70.1902
190.95 -70.1902 -70.1902
191 -70.1902 -70.1902
191.05 -70.1902 -70.1902
191.1 -70.1902 -70.1902
191.15 -70.1902 -70.1902
191.2 -70.1902 -70.1902
191.25 -70.1902 -70.1902
191.3 -70.1902 -70.1902
191.35 -70.1902 -70.1902
191.4 -70.1902 -70.1902
191.45 -70.1902 -70.1902
191.5 -70.1902 -70.1902
191.55 -70.1902 -70.1902
191.6 -70.1902 -70.1902
191.65 -70.1902 -70.1902
191.7 -70.1902 -70.1902
191.75 -70.1902 -70.1902
191.8 -70.1902 -70.1902
191.85 -70.1902 -70.1902
191.9 -70.1902 -70.1902
191.95 -70.1902 -70.1902
192 -70.1902 -70.1902
192.05 -70.1902 -70.1902
192.1 -70.1902 -70.1902
192.15 -70.1902 -70.1902
192.2 -70.1902 -70.1902
192.25 -70.1902 -70.1902
192.3 -70.1902 -70.1902
192.35 -70.1902 -70.1902
192.4 -70.1902 -70.1902
192.45 -70.1902 -70.1902
192.5 -70.1902 -70.1902
192.55 -70.1902 -70.1902
192.6 -70.1902 -70.1902
192.65 -70.1902 -70.1902
192.7 -70.1902 -70.1902
192.75 -70.1902 -70.1902
192.8 -70.1902 -70.1902
192.85 -70.1902 -70.1902
192.9 -70.1902 -70.1902
192.95 -70.1902 -70.1902
193 -70.1902 -70.1902
193.05 -70.1902 -70.1902
193.1 -70.1902 -70.1902
193.15 -70.1902 -70.1902
193.2 -70.1902 -70.1902
193.25 -70.1902 -70.1902
193.3 -70.1902 -70.1902
193.35 -70.1902 -70.1902
193.4 -70.1902 -70.1902
193.45 -70.1902 -70.1902
193.5 -70.1902 -70.1902
193.55 -70.1902 -70.1902
193.6 -70.1902 -70.1902
193.65 -70.1902 -70.1902
193.7 -70.1902 -70.1902
193.75 -70.1902 -70.1902
193.8 -70.1902 -70.1902
193.85 -70.1902 -70.1902
193.9 -70.1902 -70.1902
193.95 -70.1902 -70.1902
194 -70.1902 -70.1902
194.05 -70.1902 -70.1902
194.1 -70.1902 -70.1902
194.15 -70.1902 -70.1902
194.2 -70.1902 -70.1902
194.25 -70.1902 -70.1902
194.3 -70.1902 -70.1902
194.35 -70.1902 -70.1902
194.4 -70.1902 -70.1902
194.45 -70.1902 -70.1902
194.5 -70.1902 -70.1902
194.55 -70.1902 -70.1902
194.6 -70.1902 -70.1902
194.65 -70.1902 -70.1902
194.7 -70.1902 -70.1902
194.75 -70.1902 -70.1902
194.8 -70.1902 -70.1902
194.85 -70.1902 -70.1902
194.9 -70.1902 -70.1902
194.95 -70.1902 -70.1902
195 -70.1902 -70.1902
195.05 -70.1902 -70.1902
195.1 -70.1902 -70.1902
195.15 -70.1902 -70.1902
195.2 -70.1902 -70.1902
195.25 -70.1902 -70.1902
195.3 -70.1902 -70.1902
195.35 -70.1902 -70.1902
195.4 -70.1902 -70.1902
195.45 -70.1902 -70.1902
195.5 -70.1902 -70.1902
195.55 -70.1902 -70.1902
195.6 -70.1902 -70.1902
195.65 -70.1902 -70.1902
195.7 -70.1902 -70.1902
195.75 -70.1902 -70.1902
195.8 -70.1902 -70.1902
195.85 -70.1902 -70.1902
195.9 -70.1902 -70.1902
195.95 -70.1902 -70.1902
196 -70.1902 -70.1902
196.05 -70.1902 -70.1902
196.1 -70.1902 -70.1902
196.15 -70.1902 -70.1902
196.2 -70.1902 -70.1902
196.25 -70.1902 -70.1902
196.3 -70.1902 -70.1902
196.35 -70.1902 -70.1902
196.4 -70.1902 -70.1902
196.45 -70.1902 -70.1902
196.5 -70.1902 -70.1902
196.55 -70.1902 -70.1902
196.6 -70.1902 -70.1902
196.65 -70.1902 -70.1902
196.7 -70.1902 -70.1902
196.75 -70.1902 -70.1902
196.8 -70.1902 -70.1902
196.85 -70.1902 -70.1902
196.9 -70.1902 -70.1902
196.95 -70.1902 -70.1902
197 -70.1902 -70.1902
197.05 -70.1902 -70.1902
197.1 -70.1902 -70.1902
197.15 -70.1902 -70.1902
197.2 -70.1902 -70.1902
197.25 -70.1902 -70.1902
197.3 -70.1902 -70.1902
197.35 -70.1902 -70.1902
197.4 -70.1902 -70.1902
197.45 -70.1902 -70.1902
197.5 -70.1902 -70.1902
197.55 -70.1902 -70.1902
197.6 -70.1902 -70.1902
197.65 -70.1902 -70.1902
197.7 -70.1902 -70.1902
197.75 -70.1902 -70.1902
197.8 -70.1902 -70.1902
197.85 -70.1902 -70.1902
197.9 -70.1902 -70.1902
197.95 -70.1902 -70.1902
198 -70.1902 -70.1902
198.05 -70.1902 -70.1902
198.1 -70.1902 -70.1902
198.15 -70.1902 -70.1902
198.2 -70.1902 -70.1902
198.25 -70.1902 -70.1902
198.3 -70.1902 -70.1902
198.35 -70.1902 -70.1902
198.4 -70.1902 -70.1902
198.45 -70.1902 -70.1902
198.5 -70.1902 -70.1902
198.55 -70.1902 -70.1902
198.6 -70.1902 -70.1902
198.65 -70.1902 -70.1902
198.7 -70.1902 -70.1902
198.75 -70.1902 -70.1902
198.8 -70.1902 -70.1902
198.85 -70.1902 -70.1902
198.9 -70.1902 -70.1902
198.95 -70.1902 -70.1902
199 -70.1902 -70.1902
199.05 -70.1902 -70.1902
199.1 -70.1902 -70.1902
199.15 -70.1902 -70.1902
199.2 -70.1902 -70.1902
199.25 -70.1902 -70.1902
199.3 -70.1902 -70.1902
199.35 -70.1902 -70.1902
199.4 -70.1902 -70.1902
199.45 -70.1902 -70.1902
199.5 -70.1902 -70.1902
199.55 -70.1902 -70.1902
199.6 -70.1902 -70.1902
199.65 -70.1902 -70.1902
199.7 -70.1902 -70.1902
199.75 -70.1902 -70.1902
199.8 -70.1902 -70.1902
199.85 -70.1902 -70.1902
199.9 -70.1902 -70.1902
199.95 -70.1902 -70.1902
