0 60 -10
0.05 45.8478 -8.61725
0.1 38.7781 -2.27854
0.15 34.9855 12.0479
0.2 32.3072 32.3794
0.25 29.8595 47.3133
0.3 27.3533 51.3361
0.35 24.7256 51.5268
0.4 21.9879 50.3186
0.45 19.1715 47.108
0.5 16.3087 39.5562
0.55 13.4276 23.0589
0.6 10.5511 -7.11036
0.65 7.69652 46.0917
0.7 4.8771 41.8334
0.75 2.10209 36.1815
0.8 -0.622303 30.0235
0.85 -3.29237 24.8978
0.9 -5.90639 22.1574
0.95 -8.46429 22.0898
1 -10.9673 23.8417
1.05 -13.418 26.0996
1.1 -15.82 27.8023
1.15 -18.1782 28.4542
1.2 -20.4991 28.0536
1.25 -22.7907 26.8509
1.3 -25.063 25.1376
1.35 -27.3284 23.1397
1.4 -29.6015 20.9987
1.45 -31.8997 18.7914
1.5 -34.2425 16.5558
1.55 -36.6514 14.3106
1.6 -39.1486 12.0654
1.65 -41.7542 9.82565
1.7 -44.4826 7.59513
1.75 -47.3359 5.37644
1.8 -50.2951 3.17152
1.85 -53.3108 0.981713
1.9 -56.2964 -1.19213
1.95 -59.1336 -3.34962
2 -61.6927 -5.49085
2.05 -63.8673 -7.61635
2.1 -65.6053 -9.72716
2.15 -66.9172 -11.8249
2.2 -67.86 -13.9118
2.25 -68.511 -15.991
2.3 -68.9457 -18.0666
2.35 -69.2269 -20.1442
2.4 -69.4018 -22.2309
2.45 -69.5043 -24.3358
2.5 -69.5576 -26.4707
2.55 -69.5775 -28.6505
2.6 -69.5744 -30.8935
2.65 -69.5556 -33.2217
2.7 -69.5256 -35.6613
2.75 -69.4877 -38.2415
2.8 -69.4441 -40.9925
2.85 -69.3962 -43.9406
2.9 -69.345 -47.0989
2.95 -69.2912 -50.452
3 -69.2353 -53.9356
3.05 -69.1777 -57.4188
3.1 -69.1185 -60.7063
3.15 -69.0579 -63.5822
3.2 -68.9961 -65.8862
3.25 -68.933 -67.574
3.3 -68.8689 -68.7146
3.35 -68.8037 -69.4357
3.4 -68.7375 -69.8673
3.45 -68.6703 -70.1128
3.5 -68.6021 -70.2437
3.55 -68.533 -70.3057
3.6 -68.4629 -70.3265
3.65 -68.3918 -70.3229
3.7 -68.3198 -70.3044
3.75 -68.2469 -70.2767
3.8 -68.1731 -70.2433
3.85 -68.0984 -70.206
3.9 -68.0227 -70.1661
3.95 -67.9462 -70.1242
4 -67.8688 -70.0808
4.05 -67.7905 -70.0361
4.1 -67.7114 -69.9902
4.15 -67.6314 -69.9433
4.2 -67.5506 -69.8955
4.25 -67.4689 -69.8466
4.3 -67.3864 -69.7969
4.35 -67.3031 -69.7462
4.4 -67.219 -69.6946
4.45 -67.1341 -69.6421
4.5 -67.0485 -69.5887
4.55 -66.9621 -69.5344
4.6 -66.8749 -69.4791
4.65 -66.787 -69.423
4.7 -66.6984 -69.3659
4.75 -66.6091 -69.3079
4.8 -66.5191 -69.249
4.85 -66.4284 -69.1892
4.9 -66.3371 -69.1285
4.95 -66.2451 -69.0668
5 -66.1525 -69.0042
5.05 -66.0594 -68.9406
5.1 -65.9656 -68.8762
5.15 -65.8713 -68.8108
5.2 -65.7764 -68.7445
5.25 -65.681 -68.6772
5.3 -65.5851 -68.6091
5.35 -65.4887 -68.54
5.4 -65.3918 -68.47
5.45 -65.2945 -68.3991
5.5 -65.1967 -68.3273
5.55 -65.0986 -68.2546
5.6 -65.0001 -68.181
5.65 -64.9011 -68.1065
5.7 -64.8019 -68.0311
5.75 -64.7023 -67.9548
5.8 -64.6025 -67.8777
5.85 -64.5023 -67.7996
5.9 -64.4019 -67.7208
5.95 -64.3013 -67.641
6 -64.2004 -67.5605
6.05 -64.0994 -67.4791
6.1 -63.9981 -67.3969
6.15 -63.8968 -67.3139
6.2 -63.7953 -67.2301
6.25 -63.6936 -67.1455
6.3 -63.5919 -67.0601
6.35 -63.4902 -66.974
6.4 -63.3884 -66.8872
6.45 -63.2865 -66.7996
6.5 -63.1847 -66.7112
6.55 -63.0828 -66.6222
6.6 -62.9811 -66.5325
6.65 -62.8793 -66.4422
6.7 -62.7777 -66.3511
6.75 -62.6761 -66.2595
6.8 -62.5746 -66.1672
6.85 -62.4733 -66.0743
6.9 -62.3721 -65.9809
6.95 -62.2711 -65.8868
7 -62.1703 -65.7922
7.05 -62.0697 -65.6971
7.1 -61.9692 -65.6015
7.15 -61.8691 -65.5054
7.2 -61.7691 -65.4088
7.25 -61.6695 -65.3118
7.3 -61.5701 -65.2143
7.35 -61.471 -65.1164
7.4 -61.3722 -65.0181
7.45 -61.2738 -64.9195
7.5 -61.1756 -64.8205
7.55 -61.0778 -64.7212
7.6 -60.9804 -64.6215
7.65 -60.8833 -64.5216
7.7 -60.7867 -64.4214
7.75 -60.6904 -64.321
7.8 -60.5945 -64.2203
7.85 -60.499 -64.1194
7.9 -60.404 -64.0184
7.95 -60.3093 -63.9172
8 -60.2151 -63.8158
8.05 -60.1214 -63.7143
8.1 -60.0281 -63.6127
8.15 -59.9352 -63.5111
8.2 -59.8429 -63.4094
8.25 -59.7509 -63.3076
8.3 -59.6595 -63.2058
8.35 -59.5686 -63.104
8.4 -59.4781 -63.0022
8.45 -59.3881 -62.9005
8.5 -59.2986 -62.7988
8.55 -59.2096 -62.6972
8.6 -59.1211 -62.5957
8.65 -59.0331 -62.4943
8.7 -58.9456 -62.393
8.75 -58.8586 -62.2919
8.8 -58.7721 -62.1909
8.85 -58.6861 -62.0901
8.9 -58.6006 -61.9895
8.95 -58.5156 -61.8891
9 -58.4311 -61.7889
9.05 -58.3471 -61.689
9.1 -58.2636 -61.5893
9.15 -58.1807 -61.4899
9.2 -58.0982 -61.3907
9.25 -58.0162 -61.2918
9.3 -57.9347 -61.1933
9.35 -57.8537 -61.095
9.4 -57.7732 -60.9971
9.45 -57.6932 -60.8995
9.5 -57.6137 -60.8023
9.55 -57.5347 -60.7054
9.6 -57.4561 -60.6089
9.65 -57.3781 -60.5127
9.7 -57.3005 -60.417
9.75 -57.2234 -60.3216
9.8 -57.1467 -60.2266
9.85 -57.0705 -60.132
9.9 -56.9948 -60.0379
9.95 -56.9195 -59.9441
10 -56.8446 -59.8508
10.05 -56.7703 -59.7579
10.1 -56.6963 -59.6654
10.15 -56.6228 -59.5733
10.2 -56.5497 -59.4817
10.25 -56.4771 -59.3906
10.3 -56.4049 -59.2998
10.35 -56.3331 -59.2095
10.4 -56.2617 -59.1197
10.45 -56.1907 -59.0303
10.5 -56.1201 -58.9414
10.55 -56.0499 -58.8529
10.6 -55.9801 -58.7648
10.65 -55.9107 -58.6773
10.7 -55.8417 -58.5901
10.75 -55.7731 -58.5034
10.8 -55.7048 -58.4172
10.85 -55.6369 -58.3313
10.9 -55.5694 -58.246
10.95 -55.5022 -58.161
11 -55.4354 -58.0765
11.05 -55.3689 -57.9925
11.1 -55.3028 -57.9089
11.15 -55.237 -57.8257
11.2 -55.1716 -57.7429
11.25 -55.1065 -57.6605
11.3 -55.0417 -57.5786
11.35 -54.9772 -57.497
11.4 -54.913 -57.4159
11.45 -54.8492 -57.3351
11.5 -54.7857 -57.2548
11.55 -54.7224 -57.1749
11.6 -54.6595 -57.0953
11.65 -54.5969 -57.0161
11.7 -54.5345 -56.9373
11.75 -54.4725 -56.8588
11.8 -54.4107 -56.7807
11.85 -54.3492 -56.7029
11.9 -54.288 -56.6255
11.95 -54.227 -56.5484
12 -54.1663 -56.4717
12.05 -54.1059 -56.3952
12.1 -54.0458 -56.3191
12.15 -53.9859 -56.2433
12.2 -53.9262 -56.1677
12.25 -53.8668 -56.0925
12.3 -53.8077 -56.0175
12.35 -53.7488 -55.9428
12.4 -53.6901 -55.8684
12.45 -53.6317 -55.7942
12.5 -53.5735 -55.7202
12.55 -53.5156 -55.6465
12.6 -53.4579 -55.573
12.65 -53.4004 -55.4997
12.7 -53.3432 -55.4266
12.75 -53.2861 -55.3537
12.8 -53.2294 -55.2809
12.85 -53.1728 -55.2084
12.9 -53.1165 -55.1359
12.95 -53.0604 -55.0636
13 -53.0045 -54.9915
13.05 -52.9488 -54.9194
13.1 -52.8934 -54.8474
13.15 -52.8382 -54.7756
13.2 -52.7832 -54.7038
13.25 -52.7285 -54.632
13.3 -52.674 -54.5603
13.35 -52.6197 -54.4886
13.4 -52.5656 -54.4169
13.45 -52.5118 -54.3452
13.5 -52.4582 -54.2735
13.55 -52.4049 -54.2017
13.6 -52.3518 -54.1298
13.65 -52.2989 -54.0579
13.7 -52.2464 -53.9858
13.75 -52.194 -53.9136
13.8 -52.142 -53.8412
13.85 -52.0902 -53.7686
13.9 -52.0387 -53.6959
13.95 -51.9875 -53.6229
14 -51.9366 -53.5496
14.05 -51.886 -53.476
14.1 -51.8357 -53.402
14.15 -51.7858 -53.3277
14.2 -51.7362 -53.253
14.25 -51.687 -53.1778
14.3 -51.6381 -53.1021
14.35 -51.5896 -53.0259
14.4 -51.5416 -52.9491
14.45 -51.494 -52.8716
14.5 -51.4468 -52.7935
14.55 -51.4001 -52.7146
14.6 -51.354 -52.6348
14.65 -51.3083 -52.5542
14.7 -51.2633 -52.4726
14.75 -51.2188 -52.3899
14.8 -51.1749 -52.3061
14.85 -51.1317 -52.2211
14.9 -51.0893 -52.1347
14.95 -51.0475 -52.0469
15 -51.0066 -51.9575
15.05 -50.9665 -51.8664
15.1 -50.9274 -51.7735
15.15 -50.8892 -51.6786
15.2 -50.852 -51.5814
15.25 -50.8159 -51.482
15.3 -50.781 -51.3799
15.35 -50.7474 -51.275
15.4 -50.7151 -51.1671
15.45 -50.6842 -51.0558
15.5 -50.6549 -50.9408
15.55 -50.6272 -50.8218
15.6 -50.6012 -50.6984
15.65 -50.5772 -50.5702
15.7 -50.5551 -50.4367
15.75 -50.5352 -50.2972
15.8 -50.5175 -50.1513
15.85 -50.5023 -49.9982
15.9 -50.4898 -49.837
15.95 -50.48 -49.6669
16 -50.4732 -49.4869
16.05 -50.4696 -49.2957
16.1 -50.4694 -49.092
16.15 -50.4728 -48.8741
16.2 -50.4801 -48.6401
16.25 -50.4915 -48.388
16.3 -50.5073 -48.115
16.35 -50.5277 -47.8181
16.4 -50.553 -47.4937
16.45 -50.5835 -47.1374
16.5 -50.6196 -46.7437
16.55 -50.6614 -46.3063
16.6 -50.7093 -45.817
16.65 -50.7636 -45.2659
16.7 -50.8246 -44.6404
16.75 -50.8927 -43.9245
16.8 -50.968 -43.0977
16.85 -51.0509 -42.1333
16.9 -51.1417 -40.9958
16.95 -51.2405 -39.638
17 -51.3476 -37.9957
17.05 -51.4632 -35.981
17.1 -51.5873 -33.4721
17.15 -51.7202 -30.3006
17.2 -51.8617 -26.2375
17.25 -52.0119 -20.9868
17.3 -52.1707 -14.216
17.35 -52.3378 -5.68953
17.4 -52.5131 4.39565
17.45 -52.6963 14.962
17.5 -52.8868 24.1335
17.55 -53.0843 30.3784
17.6 -53.2881 33.5407
17.65 -53.4976 34.4472
17.7 -53.7121 33.9852
17.75 -53.9308 32.7288
17.8 -54.1527 30.9894
17.85 -54.3772 28.9348
17.9 -54.6031 26.6635
17.95 -54.8296 24.2404
18 -55.0557 21.7123
18.05 -55.2805 19.1152
18.1 -55.5031 16.4772
18.15 -55.7225 13.8202
18.2 -55.938 11.1618
18.25 -56.1487 8.51519
18.3 -56.354 5.89063
18.35 -56.5531 3.29553
18.4 -56.7456 0.735082
18.45 -56.9309 -1.78733
18.5 -57.1087 -4.26983
18.55 -57.2785 -6.71182
18.6 -57.4402 -9.11375
18.65 -57.5936 -11.4771
18.7 -57.7386 -13.8043
18.75 -57.875 -16.0988
18.8 -58.003 -18.3654
18.85 -58.1226 -20.6101
18.9 -58.2339 -22.8409
18.95 -58.337 -25.0676
19 -58.4321 -27.3026
19.05 -58.5194 -29.5611
19.1 -58.5991 -31.8609
19.15 -58.6715 -34.2229
19.2 -58.7369 -36.6705
19.25 -58.7954 -39.2281
19.3 -58.8474 -41.9186
19.35 -58.8931 -44.7585
19.4 -58.9328 -47.7499
19.45 -58.9668 -50.8693
19.5 -58.9953 -54.055
19.55 -59.0186 -57.1992
19.6 -59.0369 -60.1554
19.65 -59.0506 -62.7698
19.7 -59.0598 -64.9279
19.75 -59.0648 -66.5898
19.8 -59.0659 -67.7914
19.85 -59.0631 -68.6159
19.9 -59.0568 -69.158
19.95 -59.0471 -69.5017
20 -59.0343 -69.7113
20.05 -59.0184 -69.8323
20.1 -58.9998 -69.8956
20.15 -58.9785 -69.921
20.2 -58.9547 -69.9218
20.25 -58.9286 -69.9062
20.3 -58.9002 -69.8796
20.35 -58.8699 -69.8454
20.4 -58.8376 -69.806
20.45 -58.8034 -69.7628
20.5 -58.7676 -69.7167
20.55 -58.7302 -69.6684
20.6 -58.6914 -69.6183
20.65 -58.6511 -69.5666
20.7 -58.6096 -69.5137
20.75 -58.5668 -69.4596
20.8 -58.523 -69.4043
20.85 -58.4781 -69.348
20.9 -58.4322 -69.2908
20.95 -58.3855 -69.2325
21 -58.3379 -69.1733
21.05 -58.2896 -69.1132
21.1 -58.2405 -69.0521
21.15 -58.1908 -68.9902
21.2 -58.1405 -68.9273
21.25 -58.0897 -68.8635
21.3 -58.0384 -68.7989
21.35 -57.9866 -68.7333
21.4 -57.9344 -68.6669
21.45 -57.8819 -68.5995
21.5 -57.829 -68.5313
21.55 -57.7758 -68.4622
21.6 -57.7224 -68.3922
21.65 -57.6687 -68.3214
21.7 -57.6148 -68.2497
21.75 -57.5608 -68.1772
21.8 -57.5066 -68.1038
21.85 -57.4523 -68.0296
21.9 -57.3979 -67.9545
21.95 -57.3434 -67.8786
22 -57.2889 -67.8019
22.05 -57.2343 -67.7244
22.1 -57.1798 -67.6461
22.15 -57.1252 -67.567
22.2 -57.0707 -67.4872
22.25 -57.0162 -67.4065
22.3 -56.9618 -67.3251
22.35 -56.9074 -67.243
22.4 -56.8532 -67.1601
22.45 -56.799 -67.0765
22.5 -56.7449 -66.9922
22.55 -56.691 -66.9072
22.6 -56.6372 -66.8215
22.65 -56.5836 -66.7352
22.7 -56.5301 -66.6482
22.75 -56.4768 -66.5606
22.8 -56.4236 -66.4723
22.85 -56.3707 -66.3835
22.9 -56.3179 -66.2941
22.95 -56.2653 -66.2041
23 -56.213 -66.1135
23.05 -56.1609 -66.0224
23.1 -56.109 -65.9308
23.15 -56.0573 -65.8387
23.2 -56.0059 -65.7461
23.25 -55.9547 -65.653
23.3 -55.9038 -65.5595
23.35 -55.8531 -65.4655
23.4 -55.8027 -65.3712
23.45 -55.7526 -65.2764
23.5 -55.7027 -65.1813
23.55 -55.6531 -65.0859
23.6 -55.6039 -64.9901
23.65 -55.5549 -64.8939
23.7 -55.5062 -64.7975
23.75 -55.4579 -64.7009
23.8 -55.4098 -64.6039
23.85 -55.3621 -64.5068
23.9 -55.3147 -64.4094
23.95 -55.2676 -64.3118
24 -55.2209 -64.214
24.05 -55.1745 -64.1161
24.1 -55.1285 -64.0181
24.15 -55.0828 -63.9199
24.2 -55.0375 -63.8217
24.25 -54.9926 -63.7233
24.3 -54.948 -63.6249
24.35 -54.9039 -63.5265
24.4 -54.8601 -63.428
24.45 -54.8167 -63.3295
24.5 -54.7738 -63.2311
24.55 -54.7313 -63.1327
24.6 -54.6892 -63.0343
24.65 -54.6475 -62.936
24.7 -54.6063 -62.8378
24.75 -54.5655 -62.7396
24.8 -54.5252 -62.6416
24.85 -54.4853 -62.5438
24.9 -54.446 -62.446
24.95 -54.4071 -62.3485
25 -54.3688 -62.2511
25.05 -54.3309 -62.1539
25.1 -54.2936 -62.0569
25.15 -54.2569 -61.9602
25.2 -54.2207 -61.8637
25.25 -54.1851 -61.7674
25.3 -54.15 -61.6714
25.35 -54.1156 -61.5756
25.4 -54.0817 -61.4802
25.45 -54.0485 -61.3851
25.5 -54.0159 -61.2902
25.55 -53.984 -61.1957
25.6 -53.9528 -61.1015
25.65 -53.9223 -61.0077
25.7 -53.8925 -60.9142
25.75 -53.8634 -60.821
25.8 -53.835 -60.7282
25.85 -53.8075 -60.6358
25.9 -53.7807 -60.5438
25.95 -53.7548 -60.4522
26 -53.7297 -60.3609
26.05 -53.7054 -60.2701
26.1 -53.6821 -60.1797
26.15 -53.6596 -60.0897
26.2 -53.6381 -60.0001
26.25 -53.6176 -59.9109
26.3 -53.598 -59.8222
26.35 -53.5794 -59.7338
26.4 -53.5619 -59.646
26.45 -53.5455 -59.5585
26.5 -53.5301 -59.4715
26.55 -53.5159 -59.385
26.6 -53.5028 -59.2989
26.65 -53.4909 -59.2132
26.7 -53.4803 -59.128
26.75 -53.4708 -59.0432
26.8 -53.4627 -58.9589
26.85 -53.4558 -58.875
26.9 -53.4503 -58.7916
26.95 -53.4462 -58.7086
27 -53.4434 -58.6261
27.05 -53.4421 -58.544
27.1 -53.4422 -58.4624
27.15 -53.4439 -58.3813
27.2 -53.447 -58.3005
27.25 -53.4517 -58.2202
27.3 -53.458 -58.1404
27.35 -53.4659 -58.061
27.4 -53.4754 -57.982
27.45 -53.4865 -57.9035
27.5 -53.4993 -57.8254
27.55 -53.5139 -57.7477
27.6 -53.5301 -57.6704
27.65 -53.548 -57.5936
27.7 -53.5677 -57.5172
27.75 -53.5892 -57.4412
27.8 -53.6124 -57.3656
27.85 -53.6374 -57.2904
27.9 -53.6642 -57.2156
27.95 -53.6927 -57.1413
28 -53.723 -57.0673
28.05 -53.7551 -56.9937
28.1 -53.7889 -56.9205
28.15 -53.8244 -56.8476
28.2 -53.8616 -56.7752
28.25 -53.9006 -56.7031
28.3 -53.9411 -56.6314
28.35 -53.9833 -56.56
28.4 -54.0271 -56.489
28.45 -54.0724 -56.4183
28.5 -54.1192 -56.348
28.55 -54.1675 -56.2781
28.6 -54.2171 -56.2084
28.65 -54.268 -56.1391
28.7 -54.3202 -56.0701
28.75 -54.3735 -56.0015
28.8 -54.428 -55.9331
28.85 -54.4834 -55.8651
28.9 -54.5398 -55.7974
28.95 -54.597 -55.7299
29 -54.655 -55.6628
29.05 -54.7136 -55.5959
29.1 -54.7728 -55.5293
29.15 -54.8325 -55.463
29.2 -54.8925 -55.397
29.25 -54.9528 -55.3312
29.3 -55.0132 -55.2656
29.35 -55.0737 -55.2004
29.4 -55.1342 -55.1353
29.45 -55.1945 -55.0705
29.5 -55.2545 -55.006
29.55 -55.3142 -54.9416
29.6 -55.3735 -54.8775
29.65 -55.4322 -54.8136
29.7 -55.4903 -54.7499
29.75 -55.5477 -54.6864
29.8 -55.6042 -54.6231
29.85 -55.6599 -54.56
29.9 -55.7145 -54.4971
29.95 -55.7682 -54.4343
30 -55.8207 -54.3717
30.05 -55.872 -54.3093
30.1 -55.922 -54.247
30.15 -55.9708 -54.1849
30.2 -56.0182 -54.1229
30.25 -56.0641 -54.061
30.3 -56.1087 -53.9993
30.35 -56.1517 -53.9377
30.4 -56.1932 -53.8762
30.45 -56.2331 -53.8148
30.5 -56.2715 -53.7535
30.55 -56.3082 -53.6923
30.6 -56.3433 -53.6311
30.65 -56.3768 -53.57
30.7 -56.4086 -53.509
30.75 -56.4388 -53.448
30.8 -56.4674 -53.3871
30.85 -56.4943 -53.3262
30.9 -56.5195 -53.2653
30.95 -56.5431 -53.2044
31 -56.5651 -53.1436
31.05 -56.5854 -53.0827
31.1 -56.6042 -53.0217
31.15 -56.6214 -52.9608
31.2 -56.637 -52.8997
31.25 -56.6511 -52.8386
31.3 -56.6637 -52.7775
31.35 -56.6748 -52.7162
31.4 -56.6844 -52.6548
31.45 -56.6925 -52.5933
31.5 -56.6993 -52.5316
31.55 -56.7047 -52.4698
31.6 -56.7088 -52.4077
31.65 -56.7115 -52.3455
31.7 -56.7129 -52.283
31.75 -56.7131 -52.2203
31.8 -56.7121 -52.1573
31.85 -56.7099 -52.0939
31.9 -56.7065 -52.0302
31.95 -56.702 -51.9662
32 -56.6965 -51.9017
32.05 -56.6898 -51.8368
32.1 -56.6822 -51.7714
32.15 -56.6735 -51.7055
32.2 -56.6639 -51.639
32.25 -56.6534 -51.5719
32.3 -56.6419 -51.5041
32.35 -56.6296 -51.4355
32.4 -56.6165 -51.3662
32.45 -56.6025 -51.2961
32.5 -56.5878 -51.225
32.55 -56.5724 -51.1528
32.6 -56.5562 -51.0796
32.65 -56.5393 -51.0052
32.7 -56.5218 -50.9295
32.75 -56.5036 -50.8524
32.8 -56.4849 -50.7738
32.85 -56.4655 -50.6936
32.9 -56.4456 -50.6115
32.95 -56.4252 -50.5274
33 -56.4043 -50.4413
33.05 -56.3829 -50.3528
33.1 -56.361 -50.2617
33.15 -56.3387 -50.1678
33.2 -56.316 -50.0709
33.25 -56.2929 -49.9706
33.3 -56.2694 -49.8667
33.35 -56.2456 -49.7587
33.4 -56.2215 -49.6462
33.45 -56.1971 -49.5288
33.5 -56.1724 -49.406
33.55 -56.1474 -49.2771
33.6 -56.1221 -49.1415
33.65 -56.0967 -48.9985
33.7 -56.071 -48.8472
33.75 -56.0451 -48.6866
33.8 -56.0191 -48.5156
33.85 -55.9929 -48.3328
33.9 -55.9666 -48.1368
33.95 -55.9401 -47.9259
34 -55.9135 -47.698
34.05 -55.8868 -47.4506
34.1 -55.8601 -47.181
34.15 -55.8332 -46.8859
34.2 -55.8064 -46.5611
34.25 -55.7795 -46.2019
34.3 -55.7525 -45.8023
34.35 -55.7256 -45.3553
34.4 -55.6986 -44.8518
34.45 -55.6717 -44.281
34.5 -55.6448 -43.629
34.55 -55.618 -42.878
34.6 -55.5912 -42.0053
34.65 -55.5644 -40.9815
34.7 -55.5378 -39.7676
34.75 -55.5112 -38.3117
34.8 -55.4848 -36.5439
34.85 -55.4584 -34.3696
34.9 -55.4322 -31.6599
34.95 -55.4061 -28.242
35 -55.3802 -23.8913
35.05 -55.3545 -18.3422
35.1 -55.3289 -11.3471
35.15 -55.3034 -2.84887
35.2 -55.2782 6.70476
35.25 -55.2532 16.1199
35.3 -55.2284 23.8219
35.35 -55.2038 28.8257
35.4 -55.1795 31.2306
35.45 -55.1554 31.7478
35.5 -55.1316 31.0763
35.55 -55.108 29.6811
35.6 -55.0847 27.832
35.65 -55.0617 25.6844
35.7 -55.039 23.3345
35.75 -55.0166 20.847
35.8 -54.9945 18.2689
35.85 -54.9728 15.6354
35.9 -54.9514 12.9737
35.95 -54.9303 10.3045
36 -54.9096 7.64388
36.05 -54.8893 5.0037
36.1 -54.8694 2.39264
36.15 -54.8498 -0.183265
36.2 -54.8307 -2.7201
36.25 -54.8119 -5.21569
36.3 -54.7936 -7.66928
36.35 -54.7757 -10.0814
36.4 -54.7583 -12.4535
36.45 -54.7413 -14.7884
36.5 -54.7248 -17.0899
36.55 -54.7087 -19.3634
36.6 -54.6931 -21.6155
36.65 -54.678 -23.8549
36.7 -54.6635 -26.0928
36.75 -54.6494 -28.3424
36.8 -54.6358 -30.62
36.85 -54.6228 -32.9447
36.9 -54.6104 -35.3383
36.95 -54.5984 -37.8243
37 -54.5871 -40.4262
37.05 -54.5763 -43.1643
37.1 -54.566 -46.0493
37.15 -54.5564 -49.0735
37.2 -54.5473 -52.1989
37.25 -54.5389 -55.3468
37.3 -54.5311 -58.395
37.35 -54.5239 -61.1947
37.4 -54.5173 -63.6081
37.45 -54.5114 -65.5514
37.5 -54.506 -67.0169
37.55 -54.5014 -68.0606
37.6 -54.4974 -68.7698
37.65 -54.4941 -69.2337
37.7 -54.4914 -69.5267
37.75 -54.4894 -69.7045
37.8 -54.4881 -69.8059
37.85 -54.4874 -69.8569
37.9 -54.4875 -69.8748
37.95 -54.4882 -69.8708
38 -54.4897 -69.8519
38.05 -54.4918 -69.8231
38.1 -54.4946 -69.7872
38.15 -54.4982 -69.7464
38.2 -54.5024 -69.702
38.25 -54.5073 -69.6548
38.3 -54.5129 -69.6055
38.35 -54.5193 -69.5543
38.4 -54.5263 -69.5017
38.45 -54.534 -69.4478
38.5 -54.5424 -69.3927
38.55 -54.5514 -69.3364
38.6 -54.5612 -69.2791
38.65 -54.5716 -69.2209
38.7 -54.5827 -69.1616
38.75 -54.5944 -69.1014
38.8 -54.6068 -69.0403
38.85 -54.6198 -68.9782
38.9 -54.6335 -68.9152
38.95 -54.6477 -68.8514
39 -54.6626 -68.7866
39.05 -54.6781 -68.721
39.1 -54.6941 -68.6544
39.15 -54.7107 -68.587
39.2 -54.7278 -68.5187
39.25 -54.7454 -68.4495
39.3 -54.7636 -68.3795
39.35 -54.7822 -68.3085
39.4 -54.8014 -68.2368
39.45 -54.8209 -68.1642
39.5 -54.8409 -68.0907
39.55 -54.8613 -68.0164
39.6 -54.8821 -67.9413
39.65 -54.9032 -67.8654
39.7 -54.9247 -67.7886
39.75 -54.9464 -67.7111
39.8 -54.9685 -67.6327
39.85 -54.9908 -67.5536
39.9 -55.0134 -67.4737
39.95 -55.0362 -67.3931
40 -55.0591 -67.3117
40.05 -55.0822 -67.2295
40.1 -55.1054 -67.1466
40.15 -55.1288 -67.0631
40.2 -55.1522 -66.9788
40.25 -55.1756 -66.8938
40.3 -55.1991 -66.8082
40.35 -55.2225 -66.7219
40.4 -55.246 -66.6349
40.45 -55.2693 -66.5473
40.5 -55.2926 -66.4592
40.55 -55.3157 -66.3704
40.6 -55.3388 -66.281
40.65 -55.3616 -66.1911
40.7 -55.3842 -66.1006
40.75 -55.4067 -66.0096
40.8 -55.4289 -65.9181
40.85 -55.4508 -65.8261
40.9 -55.4724 -65.7336
40.95 -55.4937 -65.6407
41 -55.5147 -65.5473
41.05 -55.5354 -65.4535
41.1 -55.5556 -65.3593
41.15 -55.5755 -65.2647
41.2 -55.595 -65.1697
41.25 -55.614 -65.0744
41.3 -55.6326 -64.9788
41.35 -55.6507 -64.8828
41.4 -55.6684 -64.7866
41.45 -55.6856 -64.6901
41.5 -55.7022 -64.5934
41.55 -55.7184 -64.4964
41.6 -55.734 -64.3992
41.65 -55.7491 -64.3018
41.7 -55.7637 -64.2043
41.75 -55.7777 -64.1066
41.8 -55.7912 -64.0088
41.85 -55.804 -63.9109
41.9 -55.8164 -63.8128
41.95 -55.8281 -63.7147
42 -55.8393 -63.6166
42.05 -55.8498 -63.5184
42.1 -55.8598 -63.4202
42.15 -55.8692 -63.322
42.2 -55.8781 -63.2238
42.25 -55.8863 -63.1256
42.3 -55.894 -63.0275
42.35 -55.901 -62.9295
42.4 -55.9075 -62.8316
42.45 -55.9134 -62.7337
42.5 -55.9187 -62.636
42.55 -55.9235 -62.5384
42.6 -55.9276 -62.441
42.65 -55.9312 -62.3437
42.7 -55.9343 -62.2466
42.75 -55.9368 -62.1497
42.8 -55.9388 -62.0531
42.85 -55.9402 -61.9566
42.9 -55.941 -61.8604
42.95 -55.9414 -61.7644
43 -55.9412 -61.6687
43.05 -55.9406 -61.5733
43.1 -55.9394 -61.4782
43.15 -55.9377 -61.3833
43.2 -55.9356 -61.2888
43.25 -55.9329 -61.1946
43.3 -55.9298 -61.1007
43.35 -55.9263 -61.0072
43.4 -55.9223 -60.914
43.45 -55.9179 -60.8212
43.5 -55.913 -60.7287
43.55 -55.9077 -60.6366
43.6 -55.9021 -60.5449
43.65 -55.896 -60.4536
43.7 -55.8895 -60.3627
43.75 -55.8827 -60.2722
43.8 -55.8755 -60.1821
43.85 -55.868 -60.0924
43.9 -55.8601 -60.0031
43.95 -55.8519 -59.9142
44 -55.8434 -59.8258
44.05 -55.8345 -59.7378
44.1 -55.8254 -59.6502
44.15 -55.816 -59.5631
44.2 -55.8063 -59.4764
44.25 -55.7963 -59.3902
44.3 -55.7861 -59.3044
44.35 -55.7756 -59.219
44.4 -55.7649 -59.1341
44.45 -55.754 -59.0497
44.5 -55.7429 -58.9657
44.55 -55.7316 -58.8821
44.6 -55.7201 -58.799
44.65 -55.7084 -58.7163
44.7 -55.6965 -58.6341
44.75 -55.6845 -58.5524
44.8 -55.6723 -58.4711
44.85 -55.66 -58.3902
44.9 -55.6475 -58.3098
44.95 -55.635 -58.2298
45 -55.6223 -58.1503
45.05 -55.6096 -58.0712
45.1 -55.5967 -57.9925
45.15 -55.5838 -57.9143
45.2 -55.5707 -57.8365
45.25 -55.5577 -57.7591
45.3 -55.5446 -57.6822
45.35 -55.5314 -57.6056
45.4 -55.5182 -57.5295
45.45 -55.505 -57.4538
45.5 -55.4917 -57.3786
45.55 -55.4785 -57.3037
45.6 -55.4652 -57.2292
45.65 -55.452 -57.1552
45.7 -55.4388 -57.0815
45.75 -55.4256 -57.0082
45.8 -55.4125 -56.9353
45.85 -55.3994 -56.8628
45.9 -55.3863 -56.7907
45.95 -55.3733 -56.7189
46 -55.3604 -56.6475
46.05 -55.3476 -56.5765
46.1 -55.3348 -56.5058
46.15 -55.3221 -56.4355
46.2 -55.3096 -56.3656
46.25 -55.2971 -56.2959
46.3 -55.2848 -56.2267
46.35 -55.2725 -56.1577
46.4 -55.2604 -56.0891
46.45 -55.2485 -56.0208
46.5 -55.2367 -55.9528
46.55 -55.225 -55.8852
46.6 -55.2135 -55.8178
46.65 -55.2022 -55.7507
46.7 -55.191 -55.684
46.75 -55.18 -55.6175
46.8 -55.1692 -55.5513
46.85 -55.1586 -55.4854
46.9 -55.1482 -55.4198
46.95 -55.138 -55.3544
47 -55.128 -55.2893
47.05 -55.1182 -55.2245
47.1 -55.1086 -55.1599
47.15 -55.0993 -55.0956
47.2 -55.0902 -55.0315
47.25 -55.0813 -54.9677
47.3 -55.0727 -54.904
47.35 -55.0643 -54.8406
47.4 -55.0562 -54.7775
47.45 -55.0483 -54.7145
47.5 -55.0407 -54.6517
47.55 -55.0334 -54.5892
47.6 -55.0264 -54.5268
47.65 -55.0196 -54.4646
47.7 -55.0131 -54.4027
47.75 -55.0069 -54.3409
47.8 -55.0009 -54.2792
47.85 -54.9953 -54.2177
47.9 -54.99 -54.1564
47.95 -54.9849 -54.0953
48 -54.9802 -54.0343
48.05 -54.9758 -53.9734
48.1 -54.9716 -53.9127
48.15 -54.9678 -53.8521
48.2 -54.9643 -53.7916
48.25 -54.9611 -53.7312
48.3 -54.9583 -53.6709
48.35 -54.9557 -53.6108
48.4 -54.9535 -53.5507
48.45 -54.9516 -53.4907
48.5 -54.95 -53.4308
48.55 -54.9488 -53.371
48.6 -54.9478 -53.3112
48.65 -54.9472 -53.2514
48.7 -54.9469 -53.1917
48.75 -54.947 -53.1321
48.8 -54.9473 -53.0725
48.85 -54.948 -53.0128
48.9 -54.949 -52.9532
48.95 -54.9503 -52.8936
49 -54.952 -52.834
49.05 -54.954 -52.7743
49.1 -54.9562 -52.7146
49.15 -54.9588 -52.6548
49.2 -54.9617 -52.595
49.25 -54.9649 -52.5351
49.3 -54.9684 -52.475
49.35 -54.9723 -52.4149
49.4 -54.9764 -52.3547
49.45 -54.9808 -52.2943
49.5 -54.9854 -52.2337
49.55 -54.9904 -52.173
49.6 -54.9957 -52.112
49.65 -55.0012 -52.0509
49.7 -55.007 -51.9894
49.75 -55.013 -51.9277
49.8 -55.0193 -51.8658
49.85 -55.0259 -51.8034
49.9 -55.0327 -51.7407
49.95 -55.0397 -51.6777
50 -55.047 -51.6142
50.05 -55.0544 -51.5502
50.1 -55.0621 -51.4857
50.15 -55.07 -51.4207
50.2 -55.0781 -51.3551
50.25 -55.0864 -51.2888
50.3 -55.0949 -51.2219
50.35 -55.1035 -51.1542
50.4 -55.1123 -51.0856
50.45 -55.1213 -51.0162
50.5 -55.1304 -50.9458
50.55 -55.1396 -50.8743
50.6 -55.149 -50.8017
50.65 -55.1585 -50.7278
50.7 -55.168 -50.6526
50.75 -55.1777 -50.5759
50.8 -55.1875 -50.4976
50.85 -55.1974 -50.4176
50.9 -55.2073 -50.3356
50.95 -55.2173 -50.2516
51 -55.2273 -50.1653
51.05 -55.2374 -50.0766
51.1 -55.2475 -49.9851
51.15 -55.2576 -49.8906
51.2 -55.2677 -49.7929
51.25 -55.2778 -49.6916
51.3 -55.2879 -49.5864
51.35 -55.298 -49.4768
51.4 -55.3081 -49.3624
51.45 -55.3181 -49.2427
51.5 -55.3281 -49.1171
51.55 -55.338 -48.9849
51.6 -55.3478 -48.8455
51.65 -55.3576 -48.6979
51.7 -55.3673 -48.5413
51.75 -55.3769 -48.3744
51.8 -55.3864 -48.1961
51.85 -55.3957 -48.0049
51.9 -55.405 -47.799
51.95 -55.4141 -47.5765
52 -55.4231 -47.335
52.05 -55.4319 -47.0718
52.1 -55.4406 -46.7835
52.15 -55.4492 -46.4664
52.2 -55.4575 -46.1156
52.25 -55.4657 -45.7256
52.3 -55.4738 -45.2893
52.35 -55.4816 -44.7981
52.4 -55.4892 -44.2416
52.45 -55.4967 -43.6062
52.5 -55.504 -42.8752
52.55 -55.511 -42.0267
52.6 -55.5178 -41.0327
52.65 -55.5245 -39.8562
52.7 -55.5309 -38.4482
52.75 -55.5371 -36.7429
52.8 -55.543 -34.6513
52.85 -55.5487 -32.0533
52.9 -55.5542 -28.7871
52.95 -55.5595 -24.643
53 -55.5645 -19.3687
53.05 -55.5693 -12.7177
53.1 -55.5739 -4.592
53.15 -55.5782 4.678
53.2 -55.5822 14.0646
53.25 -55.586 22.0577
53.3 -55.5896 27.5316
53.35 -55.5929 30.3795
53.4 -55.596 31.2152
53.45 -55.5988 30.7454
53.5 -55.6014 29.4739
53.55 -55.6037 27.7016
53.6 -55.6058 25.6031
53.65 -55.6076 23.285
53.7 -55.6092 20.818
53.75 -55.6106 18.2525
53.8 -55.6117 15.6262
53.85 -55.6126 12.9678
53.9 -55.6132 10.2992
53.95 -55.6136 7.6374
54 -55.6137 4.99476
54.05 -55.6137 2.38047
54.1 -55.6134 -0.199091
54.15 -55.6128 -2.73976
54.2 -55.6121 -5.23916
54.25 -55.6111 -7.69644
54.3 -55.6099 -10.112
54.35 -55.6085 -12.4873
54.4 -55.6069 -14.8251
54.45 -55.6051 -17.1292
54.5 -55.6031 -19.4049
54.55 -55.6009 -21.6589
54.6 -55.5985 -23.9001
54.65 -55.5959 -26.1393
54.7 -55.5931 -28.3901
54.75 -55.5901 -30.6687
54.8 -55.5869 -32.9943
54.85 -55.5836 -35.3885
54.9 -55.5801 -37.8748
54.95 -55.5764 -40.4767
55 -55.5726 -43.2142
55.05 -55.5686 -46.0975
55.1 -55.5645 -49.1187
55.15 -55.5602 -52.2393
55.2 -55.5558 -55.3803
55.25 -55.5513 -58.4197
55.3 -55.5466 -61.2097
55.35 -55.5418 -63.6138
55.4 -55.5368 -65.5494
55.45 -55.5318 -67.0097
55.5 -55.5266 -68.0503
55.55 -55.5214 -68.7582
55.6 -55.516 -69.2219
55.65 -55.5105 -69.5152
55.7 -55.505 -69.6935
55.75 -55.4993 -69.7954
55.8 -55.4936 -69.8469
55.85 -55.4878 -69.8652
55.9 -55.482 -69.8614
55.95 -55.476 -69.8427
56 -55.47 -69.8139
56.05 -55.464 -69.7781
56.1 -55.4579 -69.7374
56.15 -55.4517 -69.6929
56.2 -55.4455 -69.6456
56.25 -55.4393 -69.5962
56.3 -55.4331 -69.545
56.35 -55.4268 -69.4922
56.4 -55.4205 -69.4382
56.45 -55.4142 -69.3829
56.5 -55.4079 -69.3265
56.55 -55.4015 -69.2691
56.6 -55.3952 -69.2107
56.65 -55.3889 -69.1513
56.7 -55.3825 -69.091
56.75 -55.3762 -69.0297
56.8 -55.37 -68.9675
56.85 -55.3637 -68.9044
56.9 -55.3574 -68.8404
56.95 -55.3512 -68.7754
57 -55.3451 -68.7096
57.05 -55.3389 -68.6429
57.1 -55.3328 -68.5754
57.15 -55.3268 -68.5069
57.2 -55.3208 -68.4376
57.25 -55.3149 -68.3674
57.3 -55.309 -68.2964
57.35 -55.3032 -68.2245
57.4 -55.2975 -68.1517
57.45 -55.2918 -68.0781
57.5 -55.2862 -68.0037
57.55 -55.2807 -67.9284
57.6 -55.2753 -67.8524
57.65 -55.2699 -67.7755
57.7 -55.2647 -67.6978
57.75 -55.2596 -67.6193
57.8 -55.2545 -67.5401
57.85 -55.2495 -67.4601
57.9 -55.2447 -67.3793
57.95 -55.24 -67.2978
58 -55.2353 -67.2155
58.05 -55.2308 -67.1325
58.1 -55.2264 -67.0488
58.15 -55.2221 -66.9644
58.2 -55.218 -66.8794
58.25 -55.2139 -66.7936
58.3 -55.21 -66.7072
58.35 -55.2062 -66.6202
58.4 -55.2026 -66.5325
58.45 -55.199 -66.4442
58.5 -55.1957 -66.3553
58.55 -55.1924 -66.2659
58.6 -55.1893 -66.1759
58.65 -55.1863 -66.0853
58.7 -55.1835 -65.9942
58.75 -55.1808 -65.9027
58.8 -55.1783 -65.8106
58.85 -55.1759 -65.718
58.9 -55.1737 -65.625
58.95 -55.1716 -65.5316
59 -55.1696 -65.4377
59.05 -55.1678 -65.3434
59.1 -55.1662 -65.2488
59.15 -55.1647 -65.1538
59.2 -55.1634 -65.0584
59.25 -55.1622 -64.9628
59.3 -55.1612 -64.8668
59.35 -55.1603 -64.7705
59.4 -55.1596 -64.674
59.45 -55.159 -64.5772
59.5 -55.1586 -64.4802
59.55 -55.1583 -64.3831
59.6 -55.1582 -64.2857
59.65 -55.1582 -64.1881
59.7 -55.1584 -64.0904
59.75 -55.1588 -63.9926
59.8 -55.1593 -63.8947
59.85 -55.1599 -63.7966
59.9 -55.1607 -63.6985
59.95 -55.1616 -63.6004
60 -55.1627 -63.5022
60.05 -55.1639 -63.404
60.1 -55.1653 -63.3058
60.15 -55.1668 -63.2077
60.2 -55.1684 -63.1095
60.25 -55.1702 -63.0115
60.3 -55.1721 -62.9135
60.35 -55.1741 -62.8155
60.4 -55.1763 -62.7177
60.45 -55.1786 -62.6201
60.5 -55.181 -62.5225
60.55 -55.1835 -62.4251
60.6 -55.1862 -62.3279
60.65 -55.1889 -62.2309
60.7 -55.1918 -62.1341
60.75 -55.1948 -62.0374
60.8 -55.1979 -61.941
60.85 -55.2011 -61.8449
60.9 -55.2044 -61.749
60.95 -55.2078 -61.6534
61 -55.2113 -61.558
61.05 -55.2149 -61.4629
61.1 -55.2185 -61.3682
61.15 -55.2223 -61.2737
61.2 -55.2261 -61.1796
61.25 -55.23 -61.0858
61.3 -55.234 -60.9923
61.35 -55.238 -60.8992
61.4 -55.2421 -60.8065
61.45 -55.2462 -60.7141
61.5 -55.2505 -60.6221
61.55 -55.2547 -60.5305
61.6 -55.259 -60.4393
61.65 -55.2634 -60.3484
61.7 -55.2678 -60.258
61.75 -55.2722 -60.168
61.8 -55.2766 -60.0784
61.85 -55.2811 -59.9892
61.9 -55.2856 -59.9004
61.95 -55.2901 -59.8121
62 -55.2947 -59.7242
62.05 -55.2992 -59.6367
62.1 -55.3038 -59.5497
62.15 -55.3083 -59.4631
62.2 -55.3129 -59.377
62.25 -55.3174 -59.2913
62.3 -55.3219 -59.206
62.35 -55.3264 -59.1212
62.4 -55.3309 -59.0369
62.45 -55.3354 -58.953
62.5 -55.3398 -58.8695
62.55 -55.3443 -58.7865
62.6 -55.3486 -58.7039
62.65 -55.353 -58.6218
62.7 -55.3573 -58.5402
62.75 -55.3615 -58.459
62.8 -55.3657 -58.3782
62.85 -55.3699 -58.2979
62.9 -55.374 -58.218
62.95 -55.378 -58.1386
63 -55.382 -58.0596
63.05 -55.3859 -57.981
63.1 -55.3898 -57.9029
63.15 -55.3935 -57.8252
63.2 -55.3972 -57.748
63.25 -55.4009 -57.6711
63.3 -55.4044 -57.5947
63.35 -55.4079 -57.5187
63.4 -55.4113 -57.4431
63.45 -55.4146 -57.368
63.5 -55.4178 -57.2932
63.55 -55.4209 -57.2188
63.6 -55.4239 -57.1449
63.65 -55.4268 -57.0713
63.7 -55.4297 -56.9981
63.75 -55.4324 -56.9254
63.8 -55.4351 -56.8529
63.85 -55.4376 -56.7809
63.9 -55.44 -56.7093
63.95 -55.4424 -56.638
64 -55.4446 -56.5671
64.05 -55.4467 -56.4965
64.1 -55.4487 -56.4263
64.15 -55.4506 -56.3564
64.2 -55.4524 -56.2869
64.25 -55.4541 -56.2177
64.3 -55.4557 -56.1489
64.35 -55.4572 -56.0804
64.4 -55.4585 -56.0122
64.45 -55.4598 -55.9443
64.5 -55.4609 -55.8768
64.55 -55.4619 -55.8095
64.6 -55.4629 -55.7426
64.65 -55.4637 -55.6759
64.7 -55.4644 -55.6096
64.75 -55.465 -55.5435
64.8 -55.4654 -55.4777
64.85 -55.4658 -55.4122
64.9 -55.4661 -55.347
64.95 -55.4662 -55.282
65 -55.4663 -55.2173
65.05 -55.4662 -55.1528
65.1 -55.4661 -55.0886
65.15 -55.4658 -55.0246
65.2 -55.4654 -54.9609
65.25 -55.465 -54.8974
65.3 -55.4644 -54.8341
65.35 -55.4637 -54.7711
65.4 -55.463 -54.7082
65.45 -55.4621 -54.6456
65.5 -55.4612 -54.5832
65.55 -55.4601 -54.5209
65.6 -55.459 -54.4589
65.65 -55.4578 -54.3971
65.7 -55.4565 -54.3354
65.75 -55.4551 -54.2739
65.8 -55.4536 -54.2126
65.85 -55.452 -54.1514
65.9 -55.4504 -54.0904
65.95 -55.4487 -54.0296
66 -55.4469 -53.9689
66.05 -55.445 -53.9083
66.1 -55.4431 -53.8479
66.15 -55.4411 -53.7875
66.2 -55.439 -53.7273
66.25 -55.4369 -53.6673
66.3 -55.4346 -53.6073
66.35 -55.4324 -53.5474
66.4 -55.4301 -53.4876
66.45 -55.4277 -53.4279
66.5 -55.4253 -53.3683
66.55 -55.4228 -53.3087
66.6 -55.4203 -53.2492
66.65 -55.4177 -53.1897
66.7 -55.4151 -53.1303
66.75 -55.4124 -53.0709
66.8 -55.4097 -53.0115
66.85 -55.407 -52.9522
66.9 -55.4042 -52.8929
66.95 -55.4014 -52.8335
67 -55.3986 -52.7741
67.05 -55.3958 -52.7147
67.1 -55.3929 -52.6553
67.15 -55.39 -52.5958
67.2 -55.3871 -52.5362
67.25 -55.3841 -52.4766
67.3 -55.3812 -52.4168
67.35 -55.3782 -52.357
67.4 -55.3753 -52.297
67.45 -55.3723 -52.2369
67.5 -55.3693 -52.1766
67.55 -55.3663 -52.1161
67.6 -55.3634 -52.0555
67.65 -55.3604 -51.9946
67.7 -55.3574 -51.9334
67.75 -55.3545 -51.872
67.8 -55.3515 -51.8103
67.85 -55.3486 -51.7483
67.9 -55.3457 -51.6859
67.95 -55.3427 -51.6231
68 -55.3399 -51.5599
68.05 -55.337 -51.4963
68.1 -55.3341 -51.4321
68.15 -55.3313 -51.3674
68.2 -55.3285 -51.3022
68.25 -55.3258 -51.2362
68.3 -55.323 -51.1696
68.35 -55.3203 -51.1022
68.4 -55.3177 -51.034
68.45 -55.3151 -50.965
68.5 -55.3125 -50.8949
68.55 -55.3099 -50.8238
68.6 -55.3074 -50.7516
68.65 -55.305 -50.6781
68.7 -55.3025 -50.6033
68.75 -55.3002 -50.5271
68.8 -55.2979 -50.4492
68.85 -55.2956 -50.3696
68.9 -55.2934 -50.2881
68.95 -55.2912 -50.2046
69 -55.2891 -50.1188
69.05 -55.2871 -50.0306
69.1 -55.2851 -49.9396
69.15 -55.2831 -49.8457
69.2 -55.2813 -49.7485
69.25 -55.2795 -49.6478
69.3 -55.2777 -49.5432
69.35 -55.276 -49.4342
69.4 -55.2744 -49.3205
69.45 -55.2728 -49.2014
69.5 -55.2713 -49.0765
69.55 -55.2699 -48.9451
69.6 -55.2686 -48.8064
69.65 -55.2673 -48.6597
69.7 -55.2661 -48.5039
69.75 -55.2649 -48.3379
69.8 -55.2638 -48.1605
69.85 -55.2628 -47.9703
69.9 -55.2619 -47.7654
69.95 -55.261 -47.544
70 -55.2602 -47.3037
70.05 -55.2595 -47.0418
70.1 -55.2588 -46.7549
70.15 -55.2582 -46.4392
70.2 -55.2577 -46.0901
70.25 -55.2573 -45.7019
70.3 -55.2569 -45.2676
70.35 -55.2566 -44.7787
70.4 -55.2564 -44.2248
70.45 -55.2563 -43.5925
70.5 -55.2562 -42.8651
70.55 -55.2562 -42.0209
70.6 -55.2562 -41.0323
70.65 -55.2564 -39.8624
70.7 -55.2566 -38.4629
70.75 -55.2569 -36.7686
70.8 -55.2572 -34.6918
70.85 -55.2576 -32.1136
70.9 -55.2581 -28.8747
70.95 -55.2586 -24.768
71 -55.2592 -19.5444
71.05 -55.2599 -12.9586
71.1 -55.2606 -4.90712
71.15 -55.2614 4.2989
71.2 -55.2623 13.6633
71.25 -55.2632 21.6945
71.3 -55.2642 27.248
71.35 -55.2652 30.1784
71.4 -55.2663 31.0768
71.45 -55.2674 30.6478
71.5 -55.2686 29.4015
71.55 -55.2699 27.6448
71.6 -55.2712 25.5562
71.65 -55.2725 23.2444
71.7 -55.2739 20.7815
71.75 -55.2754 18.2186
71.8 -55.2769 15.5938
71.85 -55.2784 12.9362
71.9 -55.28 10.268
71.95 -55.2816 7.60611
72 -55.2833 4.96327
72.05 -55.285 2.34865
72.1 -55.2867 -0.231297
72.15 -55.2885 -2.77237
72.2 -55.2903 -5.27217
72.25 -55.2921 -7.72983
72.3 -55.294 -10.1457
72.35 -55.2959 -12.5213
72.4 -55.2978 -14.8594
72.45 -55.2997 -17.1637
72.5 -55.3017 -19.4396
72.55 -55.3037 -21.6939
72.6 -55.3057 -23.9354
72.65 -55.3077 -26.175
72.7 -55.3097 -28.4262
72.75 -55.3117 -30.7055
72.8 -55.3138 -33.0318
72.85 -55.3158 -35.4271
72.9 -55.3179 -37.9146
72.95 -55.32 -40.5179
73 -55.3221 -43.2567
73.05 -55.3241 -46.1413
73.1 -55.3262 -49.163
73.15 -55.3283 -52.2832
73.2 -55.3304 -55.4221
73.25 -55.3324 -58.4576
73.3 -55.3345 -61.2417
73.35 -55.3365 -63.6387
73.4 -55.3386 -65.5673
73.45 -55.3406 -67.0213
73.5 -55.3426 -68.0571
73.55 -55.3446 -68.7616
73.6 -55.3466 -69.223
73.65 -55.3486 -69.5148
73.7 -55.3505 -69.6922
73.75 -55.3524 -69.7936
73.8 -55.3543 -69.8448
73.85 -55.3562 -69.8628
73.9 -55.358 -69.8589
73.95 -55.3598 -69.8401
74 -55.3616 -69.8113
74.05 -55.3634 -69.7755
74.1 -55.3651 -69.7346
74.15 -55.3668 -69.6901
74.2 -55.3685 -69.6428
74.25 -55.3701 -69.5933
74.3 -55.3717 -69.5421
74.35 -55.3732 -69.4893
74.4 -55.3747 -69.4352
74.45 -55.3762 -69.3799
74.5 -55.3776 -69.3234
74.55 -55.379 -69.266
74.6 -55.3804 -69.2075
74.65 -55.3817 -69.1481
74.7 -55.3829 -69.0877
74.75 -55.3841 -69.0263
74.8 -55.3853 -68.9641
74.85 -55.3864 -68.9009
74.9 -55.3875 -68.8369
74.95 -55.3885 -68.7719
75 -55.3895 -68.7061
75.05 -55.3904 -68.6393
75.1 -55.3913 -68.5717
75.15 -55.3922 -68.5032
75.2 -55.3929 -68.4338
75.25 -55.3937 -68.3636
75.3 -55.3944 -68.2925
75.35 -55.395 -68.2206
75.4 -55.3956 -68.1478
75.45 -55.3961 -68.0741
75.5 -55.3966 -67.9997
75.55 -55.397 -67.9244
75.6 -55.3974 -67.8483
75.65 -55.3978 -67.7713
75.7 -55.3981 -67.6936
75.75 -55.3983 -67.6151
75.8 -55.3985 -67.5358
75.85 -55.3986 -67.4558
75.9 -55.3987 -67.3749
75.95 -55.3987 -67.2934
76 -55.3987 -67.2111
76.05 -55.3987 -67.128
76.1 -55.3986 -67.0443
76.15 -55.3984 -66.9599
76.2 -55.3982 -66.8748
76.25 -55.398 -66.789
76.3 -55.3977 -66.7025
76.35 -55.3973 -66.6155
76.4 -55.3969 -66.5278
76.45 -55.3965 -66.4395
76.5 -55.396 -66.3506
76.55 -55.3955 -66.2611
76.6 -55.395 -66.171
76.65 -55.3944 -66.0805
76.7 -55.3937 -65.9893
76.75 -55.3931 -65.8977
76.8 -55.3924 -65.8056
76.85 -55.3916 -65.713
76.9 -55.3908 -65.62
76.95 -55.39 -65.5265
77 -55.3891 -65.4327
77.05 -55.3883 -65.3384
77.1 -55.3873 -65.2437
77.15 -55.3864 -65.1487
77.2 -55.3854 -65.0533
77.25 -55.3844 -64.9576
77.3 -55.3833 -64.8616
77.35 -55.3823 -64.7654
77.4 -55.3812 -64.6688
77.45 -55.38 -64.5721
77.5 -55.3789 -64.4751
77.55 -55.3777 -64.3779
77.6 -55.3765 -64.2805
77.65 -55.3753 -64.1829
77.7 -55.3741 -64.0852
77.75 -55.3728 -63.9874
77.8 -55.3716 -63.8894
77.85 -55.3703 -63.7914
77.9 -55.369 -63.6933
77.95 -55.3677 -63.5952
78 -55.3663 -63.497
78.05 -55.365 -63.3988
78.1 -55.3637 -63.3006
78.15 -55.3623 -63.2024
78.2 -55.3609 -63.1043
78.25 -55.3596 -63.0062
78.3 -55.3582 -62.9083
78.35 -55.3568 -62.8104
78.4 -55.3554 -62.7126
78.45 -55.354 -62.6149
78.5 -55.3526 -62.5174
78.55 -55.3513 -62.42
78.6 -55.3499 -62.3228
78.65 -55.3485 -62.2258
78.7 -55.3471 -62.1289
78.75 -55.3457 -62.0323
78.8 -55.3444 -61.9359
78.85 -55.343 -61.8398
78.9 -55.3416 -61.7439
78.95 -55.3403 -61.6483
79 -55.3389 -61.553
79.05 -55.3376 -61.4579
79.1 -55.3363 -61.3632
79.15 -55.335 -61.2687
79.2 -55.3337 -61.1746
79.25 -55.3324 -61.0809
79.3 -55.3312 -60.9874
79.35 -55.3299 -60.8943
79.4 -55.3287 -60.8016
79.45 -55.3275 -60.7093
79.5 -55.3263 -60.6173
79.55 -55.3252 -60.5257
79.6 -55.324 -60.4345
79.65 -55.3229 -60.3437
79.7 -55.3218 -60.2533
79.75 -55.3207 -60.1633
79.8 -55.3197 -60.0737
79.85 -55.3187 -59.9846
79.9 -55.3176 -59.8958
79.95 -55.3167 -59.8075
80 -55.3157 -59.7197
80.05 -55.3148 -59.6322
80.1 -55.3139 -59.5452
80.15 -55.313 -59.4587
80.2 -55.3122 -59.3725
80.25 -55.3114 -59.2869
80.3 -55.3106 -59.2016
80.35 -55.3099 -59.1169
80.4 -55.3092 -59.0325
80.45 -55.3085 -58.9487
80.5 -55.3078 -58.8652
80.55 -55.3072 -58.7823
80.6 -55.3066 -58.6997
80.65 -55.306 -58.6177
80.7 -55.3055 -58.536
80.75 -55.305 -58.4549
80.8 -55.3046 -58.3741
80.85 -55.3041 -58.2938
80.9 -55.3037 -58.214
80.95 -55.3034 -58.1346
81 -55.3031 -58.0556
81.05 -55.3028 -57.9771
81.1 -55.3025 -57.899
81.15 -55.3023 -57.8214
81.2 -55.3021 -57.7441
81.25 -55.3019 -57.6673
81.3 -55.3018 -57.5909
81.35 -55.3017 -57.515
81.4 -55.3017 -57.4394
81.45 -55.3016 -57.3643
81.5 -55.3016 -57.2895
81.55 -55.3017 -57.2152
81.6 -55.3018 -57.1413
81.65 -55.3019 -57.0677
81.7 -55.302 -56.9946
81.75 -55.3022 -56.9218
81.8 -55.3024 -56.8495
81.85 -55.3026 -56.7775
81.9 -55.3029 -56.7059
81.95 -55.3031 -56.6346
82 -55.3035 -56.5637
82.05 -55.3038 -56.4932
82.1 -55.3042 -56.423
82.15 -55.3046 -56.3532
82.2 -55.305 -56.2837
82.25 -55.3055 -56.2145
82.3 -55.306 -56.1457
82.35 -55.3065 -56.0772
82.4 -55.307 -56.0091
82.45 -55.3076 -55.9413
82.5 -55.3082 -55.8737
82.55 -55.3088 -55.8065
82.6 -55.3094 -55.7396
82.65 -55.3101 -55.673
82.7 -55.3107 -55.6066
82.75 -55.3114 -55.5406
82.8 -55.3122 -55.4748
82.85 -55.3129 -55.4094
82.9 -55.3136 -55.3442
82.95 -55.3144 -55.2792
83 -55.3152 -55.2145
83.05 -55.316 -55.1501
83.1 -55.3168 -55.0859
83.15 -55.3177 -55.022
83.2 -55.3185 -54.9583
83.25 -55.3194 -54.8948
83.3 -55.3202 -54.8316
83.35 -55.3211 -54.7686
83.4 -55.322 -54.7057
83.45 -55.3229 -54.6432
83.5 -55.3238 -54.5808
83.55 -55.3248 -54.5186
83.6 -55.3257 -54.4566
83.65 -55.3266 -54.3948
83.7 -55.3276 -54.3331
83.75 -55.3285 -54.2717
83.8 -55.3295 -54.2104
83.85 -55.3304 -54.1493
83.9 -55.3314 -54.0883
83.95 -55.3323 -54.0275
84 -55.3333 -53.9669
84.05 -55.3342 -53.9063
84.1 -55.3352 -53.8459
84.15 -55.3361 -53.7857
84.2 -55.3371 -53.7255
84.25 -55.338 -53.6655
84.3 -55.339 -53.6055
84.35 -55.3399 -53.5457
84.4 -55.3408 -53.486
84.45 -55.3418 -53.4263
84.5 -55.3427 -53.3667
84.55 -55.3436 -53.3072
84.6 -55.3445 -53.2478
84.65 -55.3454 -53.1884
84.7 -55.3463 -53.129
84.75 -55.3471 -53.0697
84.8 -55.348 -53.0104
84.85 -55.3488 -52.9511
84.9 -55.3497 -52.8918
84.95 -55.3505 -52.8325
85 -55.3513 -52.7732
85.05 -55.3521 -52.7139
85.1 -55.3529 -52.6546
85.15 -55.3536 -52.5951
85.2 -55.3544 -52.5357
85.25 -55.3551 -52.4761
85.3 -55.3558 -52.4165
85.35 -55.3565 -52.3567
85.4 -55.3572 -52.2968
85.45 -55.3578 -52.2368
85.5 -55.3585 -52.1767
85.55 -55.3591 -52.1163
85.6 -55.3597 -52.0558
85.65 -55.3603 -51.995
85.7 -55.3608 -51.934
85.75 -55.3614 -51.8728
85.8 -55.3619 -51.8112
85.85 -55.3624 -51.7493
85.9 -55.3629 -51.6871
85.95 -55.3633 -51.6245
86 -55.3638 -51.5615
86.05 -55.3642 -51.4981
86.1 -55.3646 -51.4341
86.15 -55.3649 -51.3697
86.2 -55.3653 -51.3046
86.25 -55.3656 -51.2389
86.3 -55.3659 -51.1726
86.35 -55.3661 -51.1055
86.4 -55.3664 -51.0376
86.45 -55.3666 -50.9689
86.5 -55.3668 -50.8992
86.55 -55.367 -50.8284
86.6 -55.3672 -50.7566
86.65 -55.3673 -50.6836
86.7 -55.3674 -50.6092
86.75 -55.3675 -50.5335
86.8 -55.3675 -50.4561
86.85 -55.3676 -50.3771
86.9 -55.3676 -50.2962
86.95 -55.3676 -50.2134
87 -55.3676 -50.1283
87.05 -55.3675 -50.0408
87.1 -55.3675 -49.9507
87.15 -55.3674 -49.8577
87.2 -55.3673 -49.7616
87.25 -55.3671 -49.6619
87.3 -55.367 -49.5585
87.35 -55.3668 -49.4508
87.4 -55.3666 -49.3385
87.45 -55.3664 -49.221
87.5 -55.3661 -49.0978
87.55 -55.3659 -48.9683
87.6 -55.3656 -48.8318
87.65 -55.3653 -48.6873
87.7 -55.365 -48.5341
87.75 -55.3647 -48.3711
87.8 -55.3643 -48.197
87.85 -55.364 -48.0104
87.9 -55.3636 -47.8097
87.95 -55.3632 -47.593
88 -55.3628 -47.358
88.05 -55.3624 -47.1021
88.1 -55.3619 -46.8223
88.15 -55.3615 -46.5147
88.2 -55.361 -46.175
88.25 -55.3605 -45.7977
88.3 -55.36 -45.3763
88.35 -55.3595 -44.9028
88.4 -55.359 -44.3671
88.45 -55.3585 -43.7569
88.5 -55.3579 -43.0562
88.55 -55.3574 -42.2451
88.6 -55.3568 -41.2974
88.65 -55.3562 -40.1791
88.7 -55.3556 -38.8453
88.75 -55.3551 -37.2356
88.8 -55.3545 -35.2691
88.85 -55.3539 -32.8359
88.9 -55.3532 -29.7885
88.95 -55.3526 -25.9328
89 -55.352 -21.0291
89.05 -55.3514 -14.8234
89.1 -55.3508 -7.15501
89.15 -55.3501 1.80504
89.2 -55.3495 11.2516
89.25 -55.3488 19.7652
89.3 -55.3482 26.0204
89.35 -55.3476 29.5989
89.4 -55.3469 30.9591
89.45 -55.3463 30.821
89.5 -55.3456 29.7534
89.55 -55.345 28.11
89.6 -55.3443 26.0961
89.65 -55.3437 23.8348
89.7 -55.3431 21.4059
89.75 -55.3424 18.865
89.8 -55.3418 16.2533
89.85 -55.3412 13.6019
89.9 -55.3405 10.9347
89.95 -55.3399 8.26997
90 -55.3393 5.62129
90.05 -55.3387 2.99875
90.1 -55.3381 0.409457
90.15 -55.3375 -2.14185
90.2 -55.3369 -4.65234
90.25 -55.3363 -7.12077
90.3 -55.3357 -9.5472
90.35 -55.3352 -11.9329
90.4 -55.3346 -14.2802
90.45 -55.3341 -16.5927
90.5 -55.3335 -18.8753
90.55 -55.333 -21.1344
90.6 -55.3325 -23.3782
90.65 -55.332 -25.6172
90.7 -55.3315 -27.8642
90.75 -55.331 -30.1348
90.8 -55.3305 -32.4475
90.85 -55.33 -34.8234
90.9 -55.3296 -37.2856
90.95 -55.3292 -39.8579
91 -55.3287 -42.5613
91.05 -55.3283 -45.4092
91.1 -55.3279 -48.3987
91.15 -55.3275 -51.4997
91.2 -55.3272 -54.6435
91.25 -55.3268 -57.7177
91.3 -55.3265 -60.578
91.35 -55.3261 -63.0816
91.4 -55.3258 -65.1304
91.45 -55.3255 -66.6994
91.5 -55.3252 -67.8321
91.55 -55.325 -68.6107
91.6 -55.3247 -69.1253
91.65 -55.3245 -69.4537
91.7 -55.3242 -69.6555
91.75 -55.324 -69.7731
91.8 -55.3238 -69.835
91.85 -55.3236 -69.8601
91.9 -55.3235 -69.8609
91.95 -55.3233 -69.8453
92 -55.3232 -69.8187
92.05 -55.3231 -69.7844
92.1 -55.323 -69.7446
92.15 -55.3229 -69.7009
92.2 -55.3228 -69.6543
92.25 -55.3228 -69.6053
92.3 -55.3227 -69.5544
92.35 -55.3227 -69.502
92.4 -55.3227 -69.4482
92.45 -55.3227 -69.3932
92.5 -55.3227 -69.337
92.55 -55.3228 -69.2798
92.6 -55.3228 -69.2216
92.65 -55.3229 -69.1624
92.7 -55.323 -69.1022
92.75 -55.3231 -69.0411
92.8 -55.3232 -68.9791
92.85 -55.3233 -68.9161
92.9 -55.3234 -68.8523
92.95 -55.3236 -68.7875
93 -55.3237 -68.7219
93.05 -55.3239 -68.6554
93.1 -55.3241 -68.5879
93.15 -55.3243 -68.5197
93.2 -55.3245 -68.4505
93.25 -55.3248 -68.3805
93.3 -55.325 -68.3096
93.35 -55.3253 -68.2378
93.4 -55.3255 -68.1652
93.45 -55.3258 -68.0918
93.5 -55.3261 -68.0175
93.55 -55.3264 -67.9424
93.6 -55.3267 -67.8665
93.65 -55.327 -67.7898
93.7 -55.3273 -67.7122
93.75 -55.3276 -67.6339
93.8 -55.328 -67.5548
93.85 -55.3283 -67.4749
93.9 -55.3287 -67.3943
93.95 -55.3291 -67.3129
94 -55.3294 -67.2308
94.05 -55.3298 -67.1479
94.1 -55.3302 -67.0644
94.15 -55.3306 -66.9801
94.2 -55.331 -66.8952
94.25 -55.3314 -66.8095
94.3 -55.3318 -66.7232
94.35 -55.3322 -66.6363
94.4 -55.3326 -66.5488
94.45 -55.3331 -66.4606
94.5 -55.3335 -66.3718
94.55 -55.3339 -66.2825
94.6 -55.3343 -66.1926
94.65 -55.3348 -66.1021
94.7 -55.3352 -66.0111
94.75 -55.3356 -65.9196
94.8 -55.3361 -65.8277
94.85 -55.3365 -65.7352
94.9 -55.337 -65.6423
94.95 -55.3374 -65.5489
95 -55.3378 -65.4551
95.05 -55.3383 -65.3609
95.1 -55.3387 -65.2663
95.15 -55.3392 -65.1714
95.2 -55.3396 -65.0761
95.25 -55.34 -64.9805
95.3 -55.3405 -64.8846
95.35 -55.3409 -64.7884
95.4 -55.3413 -64.6919
95.45 -55.3417 -64.5952
95.5 -55.3422 -64.4982
95.55 -55.3426 -64.4011
95.6 -55.343 -64.3037
95.65 -55.3434 -64.2062
95.7 -55.3438 -64.1085
95.75 -55.3442 -64.0107
95.8 -55.3446 -63.9128
95.85 -55.345 -63.8148
95.9 -55.3453 -63.7167
95.95 -55.3457 -63.6186
96 -55.3461 -63.5204
96.05 -55.3464 -63.4222
96.1 -55.3468 -63.324
96.15 -55.3471 -63.2259
96.2 -55.3475 -63.1277
96.25 -55.3478 -63.0296
96.3 -55.3481 -62.9316
96.35 -55.3484 -62.8337
96.4 -55.3487 -62.7359
96.45 -55.349 -62.6382
96.5 -55.3493 -62.5406
96.55 -55.3496 -62.4432
96.6 -55.3499 -62.3459
96.65 -55.3501 -62.2489
96.7 -55.3504 -62.152
96.75 -55.3506 -62.0553
96.8 -55.3508 -61.9589
96.85 -55.3511 -61.8627
96.9 -55.3513 -61.7668
96.95 -55.3515 -61.6711
97 -55.3516 -61.5757
97.05 -55.3518 -61.4806
97.1 -55.352 -61.3857
97.15 -55.3521 -61.2912
97.2 -55.3523 -61.197
97.25 -55.3524 -61.1032
97.3 -55.3526 -61.0097
97.35 -55.3527 -60.9165
97.4 -55.3528 -60.8237
97.45 -55.3529 -60.7313
97.5 -55.3529 -60.6392
97.55 -55.353 -60.5475
97.6 -55.3531 -60.4562
97.65 -55.3531 -60.3653
97.7 -55.3532 -60.2748
97.75 -55.3532 -60.1847
97.8 -55.3532 -60.095
97.85 -55.3532 -60.0058
97.9 -55.3532 -59.9169
97.95 -55.3532 -59.8285
98 -55.3532 -59.7406
98.05 -55.3532 -59.653
98.1 -55.3531 -59.5659
98.15 -55.3531 -59.4792
98.2 -55.353 -59.393
98.25 -55.3529 -59.3073
98.3 -55.3529 -59.2219
98.35 -55.3528 -59.137
98.4 -55.3527 -59.0526
98.45 -55.3526 -58.9686
98.5 -55.3524 -58.8851
98.55 -55.3523 -58.802
98.6 -55.3522 -58.7194
98.65 -55.352 -58.6372
98.7 -55.3519 -58.5555
98.75 -55.3517 -58.4742
98.8 -55.3515 -58.3933
98.85 -55.3514 -58.313
98.9 -55.3512 -58.233
98.95 -55.351 -58.1535
99 -55.3508 -58.0744
99.05 -55.3506 -57.9958
99.1 -55.3504 -57.9176
99.15 -55.3502 -57.8398
99.2 -55.3499 -57.7625
99.25 -55.3497 -57.6856
99.3 -55.3495 -57.6091
99.35 -55.3492 -57.533
99.4 -55.349 -57.4574
99.45 -55.3487 -57.3822
99.5 -55.3485 -57.3073
99.55 -55.3482 -57.2329
99.6 -55.348 -57.1589
99.65 -55.3477 -57.0853
99.7 -55.3474 -57.012
99.75 -55.3471 -56.9392
99.8 -55.3469 -56.8667
99.85 -55.3466 -56.7946
99.9 -55.3463 -56.7229
99.95 -55.346 -56.6516
100 -55.3457 -56.5806
100.05 -55.3454 -56.51
100.1 -55.3451 -56.4397
100.15 -55.3448 -56.3698
100.2 -55.3445 -56.3003
100.25 -55.3442 -56.231
100.3 -55.3439 -56.1621
100.35 -55.3436 -56.0936
100.4 -55.3433 -56.0254
100.45 -55.343 -55.9574
100.5 -55.3427 -55.8898
100.55 -55.3424 -55.8226
100.6 -55.3421 -55.7556
100.65 -55.3419 -55.6889
100.7 -55.3416 -55.6225
100.75 -55.3413 -55.5564
100.8 -55.341 -55.4906
100.85 -55.3407 -55.425
100.9 -55.3404 -55.3598
100.95 -55.3401 -55.2947
101 -55.3398 -55.23
101.05 -55.3395 -55.1655
101.1 -55.3393 -55.1013
101.15 -55.339 -55.0373
101.2 -55.3387 -54.9735
101.25 -55.3385 -54.91
101.3 -55.3382 -54.8467
101.35 -55.3379 -54.7837
101.4 -55.3377 -54.7208
101.45 -55.3374 -54.6582
101.5 -55.3372 -54.5957
101.55 -55.337 -54.5335
101.6 -55.3367 -54.4715
101.65 -55.3365 -54.4096
101.7 -55.3363 -54.348
101.75 -55.336 -54.2865
101.8 -55.3358 -54.2252
101.85 -55.3356 -54.164
101.9 -55.3354 -54.103
101.95 -55.3352 -54.0422
102 -55.335 -53.9815
102.05 -55.3348 -53.9209
102.1 -55.3347 -53.8605
102.15 -55.3345 -53.8002
102.2 -55.3343 -53.7401
102.25 -55.3342 -53.68
102.3 -55.334 -53.6201
102.35 -55.3339 -53.5602
102.4 -55.3337 -53.5005
102.45 -55.3336 -53.4408
102.5 -55.3335 -53.3812
102.55 -55.3334 -53.3217
102.6 -55.3333 -53.2622
102.65 -55.3332 -53.2028
102.7 -55.3331 -53.1435
102.75 -55.333 -53.0841
102.8 -55.3329 -53.0249
102.85 -55.3328 -52.9656
102.9 -55.3327 -52.9063
102.95 -55.3327 -52.8471
103 -55.3326 -52.7878
103.05 -55.3326 -52.7285
103.1 -55.3325 -52.6691
103.15 -55.3325 -52.6098
103.2 -55.3325 -52.5503
103.25 -55.3325 -52.4908
103.3 -55.3325 -52.4312
103.35 -55.3325 -52.3715
103.4 -55.3325 -52.3117
103.45 -55.3325 -52.2517
103.5 -55.3325 -52.1916
103.55 -55.3325 -52.1313
103.6 -55.3326 -52.0709
103.65 -55.3326 -52.0102
103.7 -55.3326 -51.9493
103.75 -55.3327 -51.8881
103.8 -55.3327 -51.8267
103.85 -55.3328 -51.7649
103.9 -55.3329 -51.7029
103.95 -55.333 -51.6404
104 -55.333 -51.5775
104.05 -55.3331 -51.5143
104.1 -55.3332 -51.4505
104.15 -55.3333 -51.3862
104.2 -55.3334 -51.3213
104.25 -55.3335 -51.2559
104.3 -55.3337 -51.1898
104.35 -55.3338 -51.1229
104.4 -55.3339 -51.0553
104.45 -55.334 -50.9869
104.5 -55.3342 -50.9175
104.55 -55.3343 -50.8471
104.6 -55.3345 -50.7756
104.65 -55.3346 -50.703
104.7 -55.3348 -50.6291
104.75 -55.3349 -50.5538
104.8 -55.3351 -50.477
104.85 -55.3353 -50.3985
104.9 -55.3354 -50.3183
104.95 -55.3356 -50.236
105 -55.3358 -50.1517
105.05 -55.336 -50.065
105.1 -55.3361 -49.9757
105.15 -55.3363 -49.8837
105.2 -55.3365 -49.7886
105.25 -55.3367 -49.6901
105.3 -55.3369 -49.5878
105.35 -55.3371 -49.4815
105.4 -55.3373 -49.3707
105.45 -55.3375 -49.2549
105.5 -55.3377 -49.1336
105.55 -55.3379 -49.0061
105.6 -55.3381 -48.8718
105.65 -55.3383 -48.7299
105.7 -55.3385 -48.5796
105.75 -55.3387 -48.4197
105.8 -55.3389 -48.2491
105.85 -55.3391 -48.0666
105.9 -55.3393 -47.8704
105.95 -55.3395 -47.6589
106 -55.3397 -47.4298
106.05 -55.3399 -47.1807
106.1 -55.3401 -46.9086
106.15 -55.3403 -46.61
106.2 -55.3405 -46.2807
106.25 -55.3407 -45.9156
106.3 -55.3409 -45.5085
106.35 -55.3411 -45.052
106.4 -55.3413 -44.5366
106.45 -55.3415 -43.9507
106.5 -55.3417 -43.2798
106.55 -55.3419 -42.505
106.6 -55.3421 -41.6024
106.65 -55.3422 -40.5407
106.7 -55.3424 -39.2785
106.75 -55.3426 -37.761
106.8 -55.3428 -35.9142
106.85 -55.343 -33.6379
106.9 -55.3431 -30.7974
106.95 -55.3433 -27.2135
107 -55.3435 -22.6592
107.05 -55.3436 -16.8784
107.1 -55.3438 -9.66336
107.15 -55.3439 -1.05018
107.2 -55.3441 8.37474
107.25 -55.3442 17.3375
107.3 -55.3444 24.3797
107.35 -55.3445 28.7604
107.4 -55.3447 30.7252
107.45 -55.3448 30.9762
107.5 -55.3449 30.1475
107.55 -55.345 28.6538
107.6 -55.3452 26.7377
107.65 -55.3453 24.5424
107.7 -55.3454 22.1581
107.75 -55.3455 19.6467
107.8 -55.3456 17.053
107.85 -55.3457 14.411
107.9 -55.3458 11.7465
107.95 -55.3459 9.07935
108 -55.3459 6.42454
108.05 -55.346 3.79313
108.1 -55.3461 1.19308
108.15 -55.3462 -1.3702
108.2 -55.3462 -3.89335
108.25 -55.3463 -6.37468
108.3 -55.3463 -8.81385
108.35 -55.3464 -11.2118
108.4 -55.3464 -13.5705
108.45 -55.3465 -15.8932
108.5 -55.3465 -18.1843
108.55 -55.3465 -20.4497
108.6 -55.3465 -22.6972
108.65 -55.3466 -24.9364
108.7 -55.3466 -27.1795
108.75 -55.3466 -29.4411
108.8 -55.3466 -31.7389
108.85 -55.3466 -34.0932
108.9 -55.3466 -36.5266
108.95 -55.3466 -39.0629
109 -55.3466 -41.7245
109.05 -55.3465 -44.5278
109.1 -55.3465 -47.4759
109.15 -55.3465 -50.5482
109.2 -55.3464 -53.6888
109.25 -55.3464 -56.7982
109.3 -55.3464 -59.7395
109.35 -55.3463 -62.3648
109.4 -55.3463 -64.5581
109.45 -55.3462 -66.2711
109.5 -55.3462 -67.5288
109.55 -55.3461 -68.4055
109.6 -55.346 -68.9914
109.65 -55.346 -69.3692
109.7 -55.3459 -69.6044
109.75 -55.3458 -69.7441
109.8 -55.3457 -69.8205
109.85 -55.3456 -69.8553
109.9 -55.3455 -69.8624
109.95 -55.3455 -69.8512
110 -55.3454 -69.8275
110.05 -55.3453 -69.7953
110.1 -55.3452 -69.757
110.15 -55.3451 -69.7144
110.2 -55.3449 -69.6685
110.25 -55.3448 -69.6202
110.3 -55.3447 -69.5699
110.35 -55.3446 -69.5179
110.4 -55.3445 -69.4645
110.45 -55.3444 -69.4098
110.5 -55.3443 -69.354
110.55 -55.3441 -69.2971
110.6 -55.344 -69.2392
110.65 -55.3439 -69.1802
110.7 -55.3438 -69.1204
110.75 -55.3436 -69.0595
110.8 -55.3435 -68.9978
110.85 -55.3434 -68.9351
110.9 -55.3432 -68.8716
110.95 -55.3431 -68.8071
111 -55.343 -68.7417
111.05 -55.3428 -68.6755
111.1 -55.3427 -68.6083
111.15 -55.3426 -68.5403
111.2 -55.3424 -68.4714
111.25 -55.3423 -68.4016
111.3 -55.3421 -68.331
111.35 -55.342 -68.2595
111.4 -55.3419 -68.1872
111.45 -55.3417 -68.114
111.5 -55.3416 -68.04
111.55 -55.3414 -67.9651
111.6 -55.3413 -67.8894
111.65 -55.3412 -67.813
111.7 -55.341 -67.7357
111.75 -55.3409 -67.6576
111.8 -55.3408 -67.5787
111.85 -55.3406 -67.4991
111.9 -55.3405 -67.4187
111.95 -55.3404 -67.3375
112 -55.3402 -67.2556
112.05 -55.3401 -67.173
112.1 -55.34 -67.0896
112.15 -55.3399 -67.0056
112.2 -55.3397 -66.9208
112.25 -55.3396 -66.8354
112.3 -55.3395 -66.7493
112.35 -55.3394 -66.6626
112.4 -55.3393 -66.5752
112.45 -55.3392 -66.4872
112.5 -55.339 -66.3986
112.55 -55.3389 -66.3095
112.6 -55.3388 -66.2197
112.65 -55.3387 -66.1295
112.7 -55.3386 -66.0386
112.75 -55.3385 -65.9473
112.8 -55.3384 -65.8554
112.85 -55.3383 -65.7631
112.9 -55.3382 -65.6703
112.95 -55.3382 -65.5771
113 -55.3381 -65.4834
113.05 -55.338 -65.3894
113.1 -55.3379 -65.2949
113.15 -55.3378 -65.2001
113.2 -55.3378 -65.1049
113.25 -55.3377 -65.0094
113.3 -55.3376 -64.9136
113.35 -55.3376 -64.8174
113.4 -55.3375 -64.721
113.45 -55.3374 -64.6244
113.5 -55.3374 -64.5275
113.55 -55.3373 -64.4304
113.6 -55.3373 -64.3331
113.65 -55.3372 -64.2357
113.7 -55.3372 -64.138
113.75 -55.3372 -64.0403
113.8 -55.3371 -63.9424
113.85 -55.3371 -63.8444
113.9 -55.3371 -63.7464
113.95 -55.3371 -63.6483
114 -55.337 -63.5501
114.05 -55.337 -63.4519
114.1 -55.337 -63.3537
114.15 -55.337 -63.2555
114.2 -55.337 -63.1574
114.25 -55.337 -63.0593
114.3 -55.337 -62.9613
114.35 -55.337 -62.8633
114.4 -55.337 -62.7655
114.45 -55.337 -62.6677
114.5 -55.337 -62.5701
114.55 -55.337 -62.4727
114.6 -55.337 -62.3754
114.65 -55.3371 -62.2782
114.7 -55.3371 -62.1813
114.75 -55.3371 -62.0846
114.8 -55.3371 -61.9881
114.85 -55.3372 -61.8918
114.9 -55.3372 -61.7958
114.95 -55.3372 -61.7001
115 -55.3373 -61.6046
115.05 -55.3373 -61.5094
115.1 -55.3374 -61.4145
115.15 -55.3374 -61.3199
115.2 -55.3375 -61.2256
115.25 -55.3375 -61.1316
115.3 -55.3376 -61.038
115.35 -55.3377 -60.9447
115.4 -55.3377 -60.8518
115.45 -55.3378 -60.7593
115.5 -55.3378 -60.6671
115.55 -55.3379 -60.5753
115.6 -55.338 -60.4839
115.65 -55.3381 -60.3929
115.7 -55.3381 -60.3023
115.75 -55.3382 -60.212
115.8 -55.3383 -60.1222
115.85 -55.3384 -60.0329
115.9 -55.3384 -59.9439
115.95 -55.3385 -59.8554
116 -55.3386 -59.7673
116.05 -55.3387 -59.6796
116.1 -55.3388 -59.5924
116.15 -55.3389 -59.5056
116.2 -55.3389 -59.4192
116.25 -55.339 -59.3333
116.3 -55.3391 -59.2479
116.35 -55.3392 -59.1628
116.4 -55.3393 -59.0783
116.45 -55.3394 -58.9942
116.5 -55.3395 -58.9105
116.55 -55.3396 -58.8273
116.6 -55.3397 -58.7445
116.65 -55.3398 -58.6622
116.7 -55.3399 -58.5804
116.75 -55.34 -58.4989
116.8 -55.3401 -58.418
116.85 -55.3401 -58.3374
116.9 -55.3402 -58.2574
116.95 -55.3403 -58.1777
117 -55.3404 -58.0985
117.05 -55.3405 -58.0198
117.1 -55.3406 -57.9415
117.15 -55.3407 -57.8636
117.2 -55.3408 -57.7861
117.25 -55.3409 -57.7091
117.3 -55.341 -57.6325
117.35 -55.3411 -57.5563
117.4 -55.3412 -57.4805
117.45 -55.3412 -57.4052
117.5 -55.3413 -57.3302
117.55 -55.3414 -57.2557
117.6 -55.3415 -57.1815
117.65 -55.3416 -57.1078
117.7 -55.3417 -57.0344
117.75 -55.3418 -56.9615
117.8 -55.3418 -56.8889
117.85 -55.3419 -56.8167
117.9 -55.342 -56.7449
117.95 -55.3421 -56.6734
118 -55.3421 -56.6024
118.05 -55.3422 -56.5317
118.1 -55.3423 -56.4613
118.15 -55.3424 -56.3913
118.2 -55.3424 -56.3216
118.25 -55.3425 -56.2523
118.3 -55.3426 -56.1833
118.35 -55.3426 -56.1147
118.4 -55.3427 -56.0463
118.45 -55.3427 -55.9783
118.5 -55.3428 -55.9106
118.55 -55.3429 -55.8433
118.6 -55.3429 -55.7762
118.65 -55.343 -55.7094
118.7 -55.343 -55.643
118.75 -55.3431 -55.5768
118.8 -55.3431 -55.5109
118.85 -55.3431 -55.4452
118.9 -55.3432 -55.3799
118.95 -55.3432 -55.3148
119 -55.3433 -55.25
119.05 -55.3433 -55.1855
119.1 -55.3433 -55.1211
119.15 -55.3433 -55.0571
119.2 -55.3434 -54.9933
119.25 -55.3434 -54.9297
119.3 -55.3434 -54.8663
119.35 -55.3434 -54.8032
119.4 -55.3435 -54.7403
119.45 -55.3435 -54.6776
119.5 -55.3435 -54.6151
119.55 -55.3435 -54.5528
119.6 -55.3435 -54.4908
119.65 -55.3435 -54.4289
119.7 -55.3435 -54.3671
119.75 -55.3435 -54.3056
119.8 -55.3435 -54.2443
119.85 -55.3435 -54.1831
119.9 -55.3435 -54.122
119.95 -55.3435 -54.0612
120 -55.3435 -54.0004
120.05 -55.3435 -53.9399
120.1 -55.3435 -53.8794
120.15 -55.3434 -53.8191
120.2 -55.3434 -53.7589
120.25 -55.3434 -53.6988
120.3 -55.3434 -53.6389
120.35 -55.3434 -53.579
120.4 -55.3433 -53.5192
120.45 -55.3433 -53.4595
120.5 -55.3433 -53.3999
120.55 -55.3432 -53.3404
120.6 -55.3432 -53.281
120.65 -55.3432 -53.2216
120.7 -55.3431 -53.1622
120.75 -55.3431 -53.1029
120.8 -55.3431 -53.0436
120.85 -55.343 -52.9844
120.9 -55.343 -52.9251
120.95 -55.3429 -52.8659
121 -55.3429 -52.8066
121.05 -55.3428 -52.7473
121.1 -55.3428 -52.688
121.15 -55.3427 -52.6287
121.2 -55.3427 -52.5693
121.25 -55.3426 -52.5098
121.3 -55.3426 -52.4503
121.35 -55.3425 -52.3907
121.4 -55.3425 -52.3309
121.45 -55.3424 -52.271
121.5 -55.3424 -52.211
121.55 -55.3423 -52.1508
121.6 -55.3423 -52.0904
121.65 -55.3422 -52.0299
121.7 -55.3421 -51.9691
121.75 -55.3421 -51.908
121.8 -55.342 -51.8467
121.85 -55.342 -51.7851
121.9 -55.3419 -51.7232
121.95 -55.3418 -51.6609
122 -55.3418 -51.5982
122.05 -55.3417 -51.5351
122.1 -55.3416 -51.4716
122.15 -55.3416 -51.4075
122.2 -55.3415 -51.3429
122.25 -55.3414 -51.2777
122.3 -55.3414 -51.2119
122.35 -55.3413 -51.1454
122.4 -55.3413 -51.0781
122.45 -55.3412 -51.01
122.5 -55.3411 -50.941
122.55 -55.3411 -50.871
122.6 -55.341 -50.8
122.65 -55.3409 -50.7279
122.7 -55.3409 -50.6545
122.75 -55.3408 -50.5798
122.8 -55.3408 -50.5036
122.85 -55.3407 -50.4258
122.9 -55.3406 -50.3463
122.95 -55.3406 -50.2649
123 -55.3405 -50.1814
123.05 -55.3405 -50.0957
123.1 -55.3404 -50.0075
123.15 -55.3403 -49.9166
123.2 -55.3403 -49.8227
123.25 -55.3402 -49.7256
123.3 -55.3402 -49.6249
123.35 -55.3401 -49.5202
123.4 -55.3401 -49.4113
123.45 -55.34 -49.2975
123.5 -55.34 -49.1784
123.55 -55.3399 -49.0534
123.6 -55.3399 -48.9219
123.65 -55.3398 -48.7831
123.7 -55.3398 -48.6362
123.75 -55.3397 -48.4802
123.8 -55.3397 -48.314
123.85 -55.3396 -48.1363
123.9 -55.3396 -47.9457
123.95 -55.3396 -47.7404
124 -55.3395 -47.5184
124.05 -55.3395 -47.2774
124.1 -55.3395 -47.0147
124.15 -55.3394 -46.7268
124.2 -55.3394 -46.41
124.25 -55.3394 -46.0595
124.3 -55.3393 -45.6696
124.35 -55.3393 -45.2333
124.4 -55.3393 -44.7421
124.45 -55.3393 -44.1852
124.5 -55.3392 -43.5493
124.55 -55.3392 -42.8174
124.6 -55.3392 -41.9677
124.65 -55.3392 -40.9721
124.7 -55.3392 -39.7935
124.75 -55.3391 -38.3827
124.8 -55.3391 -36.6741
124.85 -55.3391 -34.5786
124.9 -55.3391 -31.976
124.95 -55.3391 -28.7054
125 -55.3391 -24.558
125.05 -55.3391 -19.2844
125.1 -55.3391 -12.6427
125.15 -55.3391 -4.54217
125.2 -55.3391 4.68114
125.25 -55.3391 14.0038
125.3 -55.3391 21.9346
125.35 -55.3391 27.3672
125.4 -55.3391 30.1971
125.45 -55.3391 31.0282
125.5 -55.3391 30.5581
125.55 -55.3391 29.2866
125.6 -55.3391 27.5136
125.65 -55.3391 25.4139
125.7 -55.3391 23.0945
125.75 -55.3391 20.6264
125.8 -55.3392 18.0602
125.85 -55.3392 15.4335
125.9 -55.3392 12.7751
125.95 -55.3392 10.107
126 -55.3392 7.4459
126.05 -55.3393 4.80435
126.1 -55.3393 2.19141
126.15 -55.3393 -0.386603
126.2 -55.3393 -2.92557
126.25 -55.3394 -5.42318
126.3 -55.3394 -7.87862
126.35 -55.3394 -10.2923
126.4 -55.3394 -12.6659
126.45 -55.3395 -15.002
126.5 -55.3395 -17.3048
126.55 -55.3395 -19.5793
126.6 -55.3396 -21.8327
126.65 -55.3396 -24.0739
126.7 -55.3396 -26.3139
126.75 -55.3397 -28.5665
126.8 -55.3397 -30.8481
126.85 -55.3397 -33.178
126.9 -55.3398 -35.5781
126.95 -55.3398 -38.072
127 -55.3399 -40.6829
127.05 -55.3399 -43.4302
127.1 -55.3399 -46.3234
127.15 -55.34 -49.3522
127.2 -55.34 -52.4757
127.25 -55.3401 -55.6116
127.3 -55.3401 -58.6354
127.35 -55.3401 -61.3989
127.4 -55.3402 -63.7685
127.45 -55.3402 -65.6674
127.5 -55.3403 -67.0937
127.55 -55.3403 -68.1068
127.6 -55.3404 -68.7942
127.65 -55.3404 -69.2435
127.7 -55.3404 -69.5272
127.75 -55.3405 -69.6991
127.8 -55.3405 -69.7969
127.85 -55.3406 -69.8457
127.9 -55.3406 -69.8622
127.95 -55.3407 -69.8572
128 -55.3407 -69.8378
128.05 -55.3408 -69.8085
128.1 -55.3408 -69.7723
128.15 -55.3408 -69.7312
128.2 -55.3409 -69.6865
128.25 -55.3409 -69.639
128.3 -55.341 -69.5894
128.35 -55.341 -69.538
128.4 -55.341 -69.4852
128.45 -55.3411 -69.431
128.5 -55.3411 -69.3756
128.55 -55.3412 -69.3191
128.6 -55.3412 -69.2615
128.65 -55.3412 -69.203
128.7 -55.3413 -69.1435
128.75 -55.3413 -69.083
128.8 -55.3414 -69.0216
128.85 -55.3414 -68.9593
128.9 -55.3414 -68.8961
128.95 -55.3415 -68.8319
129 -55.3415 -68.7669
129.05 -55.3415 -68.701
129.1 -55.3416 -68.6342
129.15 -55.3416 -68.5665
129.2 -55.3416 -68.4979
129.25 -55.3417 -68.4285
129.3 -55.3417 -68.3582
129.35 -55.3417 -68.287
129.4 -55.3417 -68.215
129.45 -55.3418 -68.1422
129.5 -55.3418 -68.0685
129.55 -55.3418 -67.9939
129.6 -55.3418 -67.9186
129.65 -55.3419 -67.8424
129.7 -55.3419 -67.7654
129.75 -55.3419 -67.6876
129.8 -55.3419 -67.6091
129.85 -55.3419 -67.5297
129.9 -55.342 -67.4496
129.95 -55.342 -67.3687
130 -55.342 -67.2871
130.05 -55.342 -67.2047
130.1 -55.342 -67.1217
130.15 -55.342 -67.0379
130.2 -55.342 -66.9534
130.25 -55.342 -66.8682
130.3 -55.3421 -66.7824
130.35 -55.3421 -66.6959
130.4 -55.3421 -66.6088
130.45 -55.3421 -66.521
130.5 -55.3421 -66.4327
130.55 -55.3421 -66.3437
130.6 -55.3421 -66.2542
130.65 -55.3421 -66.1641
130.7 -55.3421 -66.0735
130.75 -55.3421 -65.9824
130.8 -55.3421 -65.8907
130.85 -55.3421 -65.7986
130.9 -55.3421 -65.7059
130.95 -55.3421 -65.6129
131 -55.3421 -65.5194
131.05 -55.3421 -65.4255
131.1 -55.3421 -65.3311
131.15 -55.342 -65.2365
131.2 -55.342 -65.1414
131.25 -55.342 -65.046
131.3 -55.342 -64.9503
131.35 -55.342 -64.8543
131.4 -55.342 -64.758
131.45 -55.342 -64.6614
131.5 -55.342 -64.5646
131.55 -55.342 -64.4676
131.6 -55.3419 -64.3704
131.65 -55.3419 -64.273
131.7 -55.3419 -64.1754
131.75 -55.3419 -64.0777
131.8 -55.3419 -63.9799
131.85 -55.3418 -63.8819
131.9 -55.3418 -63.7839
131.95 -55.3418 -63.6858
132 -55.3418 -63.5877
132.05 -55.3418 -63.4895
132.1 -55.3417 -63.3913
132.15 -55.3417 -63.2931
132.2 -55.3417 -63.1949
132.25 -55.3417 -63.0968
132.3 -55.3416 -62.9988
132.35 -55.3416 -62.9008
132.4 -55.3416 -62.8029
132.45 -55.3416 -62.7051
132.5 -55.3415 -62.6074
132.55 -55.3415 -62.5099
132.6 -55.3415 -62.4125
132.65 -55.3415 -62.3153
132.7 -55.3414 -62.2183
132.75 -55.3414 -62.1215
132.8 -55.3414 -62.0249
132.85 -55.3413 -61.9286
132.9 -55.3413 -61.8325
132.95 -55.3413 -61.7366
133 -55.3412 -61.641
133.05 -55.3412 -61.5457
133.1 -55.3412 -61.4507
133.15 -55.3412 -61.356
133.2 -55.3411 -61.2615
133.25 -55.3411 -61.1675
133.3 -55.3411 -61.0737
133.35 -55.341 -60.9803
133.4 -55.341 -60.8873
133.45 -55.341 -60.7946
133.5 -55.341 -60.7022
133.55 -55.3409 -60.6103
133.6 -55.3409 -60.5187
133.65 -55.3409 -60.4276
133.7 -55.3408 -60.3368
133.75 -55.3408 -60.2464
133.8 -55.3408 -60.1564
133.85 -55.3408 -60.0669
133.9 -55.3407 -59.9778
133.95 -55.3407 -59.8891
134 -55.3407 -59.8008
134.05 -55.3406 -59.713
134.1 -55.3406 -59.6256
134.15 -55.3406 -59.5386
134.2 -55.3406 -59.4521
134.25 -55.3405 -59.366
134.3 -55.3405 -59.2804
134.35 -55.3405 -59.1952
134.4 -55.3405 -59.1104
134.45 -55.3404 -59.0261
134.5 -55.3404 -58.9423
134.55 -55.3404 -58.8589
134.6 -55.3404 -58.776
134.65 -55.3404 -58.6935
134.7 -55.3403 -58.6114
134.75 -55.3403 -58.5299
134.8 -55.3403 -58.4487
134.85 -55.3403 -58.368
134.9 -55.3403 -58.2878
134.95 -55.3402 -58.208
135 -55.3402 -58.1286
135.05 -55.3402 -58.0497
135.1 -55.3402 -57.9712
135.15 -55.3402 -57.8931
135.2 -55.3402 -57.8155
135.25 -55.3402 -57.7383
135.3 -55.3401 -57.6615
135.35 -55.3401 -57.5852
135.4 -55.3401 -57.5092
135.45 -55.3401 -57.4337
135.5 -55.3401 -57.3586
135.55 -55.3401 -57.2839
135.6 -55.3401 -57.2096
135.65 -55.3401 -57.1357
135.7 -55.3401 -57.0622
135.75 -55.3401 -56.9891
135.8 -55.3401 -56.9164
135.85 -55.34 -56.844
135.9 -55.34 -56.7721
135.95 -55.34 -56.7005
136 -55.34 -56.6293
136.05 -55.34 -56.5584
136.1 -55.34 -56.4879
136.15 -55.34 -56.4178
136.2 -55.34 -56.348
136.25 -55.34 -56.2785
136.3 -55.34 -56.2094
136.35 -55.34 -56.1406
136.4 -55.34 -56.0722
136.45 -55.34 -56.004
136.5 -55.34 -55.9362
136.55 -55.3401 -55.8687
136.6 -55.3401 -55.8015
136.65 -55.3401 -55.7346
136.7 -55.3401 -55.668
136.75 -55.3401 -55.6017
136.8 -55.3401 -55.5357
136.85 -55.3401 -55.47
136.9 -55.3401 -55.4046
136.95 -55.3401 -55.3394
137 -55.3401 -55.2744
137.05 -55.3401 -55.2098
137.1 -55.3401 -55.1454
137.15 -55.3402 -55.0812
137.2 -55.3402 -55.0173
137.25 -55.3402 -54.9536
137.3 -55.3402 -54.8902
137.35 -55.3402 -54.827
137.4 -55.3402 -54.764
137.45 -55.3402 -54.7012
137.5 -55.3403 -54.6386
137.55 -55.3403 -54.5763
137.6 -55.3403 -54.5141
137.65 -55.3403 -54.4521
137.7 -55.3403 -54.3904
137.75 -55.3403 -54.3287
137.8 -55.3403 -54.2673
137.85 -55.3404 -54.2061
137.9 -55.3404 -54.145
137.95 -55.3404 -54.084
138 -55.3404 -54.0232
138.05 -55.3404 -53.9626
138.1 -55.3405 -53.9021
138.15 -55.3405 -53.8417
138.2 -55.3405 -53.7815
138.25 -55.3405 -53.7213
138.3 -55.3405 -53.6613
138.35 -55.3406 -53.6014
138.4 -55.3406 -53.5416
138.45 -55.3406 -53.4819
138.5 -55.3406 -53.4223
138.55 -55.3406 -53.3627
138.6 -55.3407 -53.3032
138.65 -55.3407 -53.2438
138.7 -55.3407 -53.1844
138.75 -55.3407 -53.1251
138.8 -55.3407 -53.0658
138.85 -55.3408 -53.0065
138.9 -55.3408 -52.9472
138.95 -55.3408 -52.888
139 -55.3408 -52.8287
139.05 -55.3408 -52.7694
139.1 -55.3409 -52.7101
139.15 -55.3409 -52.6508
139.2 -55.3409 -52.5914
139.25 -55.3409 -52.532
139.3 -55.3409 -52.4724
139.35 -55.341 -52.4128
139.4 -55.341 -52.3531
139.45 -55.341 -52.2933
139.5 -55.341 -52.2333
139.55 -55.341 -52.1731
139.6 -55.341 -52.1128
139.65 -55.3411 -52.0523
139.7 -55.3411 -51.9916
139.75 -55.3411 -51.9306
139.8 -55.3411 -51.8694
139.85 -55.3411 -51.8079
139.9 -55.3411 -51.7461
139.95 -55.3412 -51.6839
140 -55.3412 -51.6213
140.05 -55.3412 -51.5584
140.1 -55.3412 -51.495
140.15 -55.3412 -51.4311
140.2 -55.3412 -51.3666
140.25 -55.3412 -51.3016
140.3 -55.3413 -51.236
140.35 -55.3413 -51.1697
140.4 -55.3413 -51.1027
140.45 -55.3413 -51.0349
140.5 -55.3413 -50.9662
140.55 -55.3413 -50.8965
140.6 -55.3413 -50.8259
140.65 -55.3413 -50.7541
140.7 -55.3413 -50.6812
140.75 -55.3414 -50.6069
140.8 -55.3414 -50.5312
140.85 -55.3414 -50.454
140.9 -55.3414 -50.3751
140.95 -55.3414 -50.2943
141 -55.3414 -50.2116
141.05 -55.3414 -50.1266
141.1 -55.3414 -50.0392
141.15 -55.3414 -49.9493
141.2 -55.3414 -49.8564
141.25 -55.3414 -49.7604
141.3 -55.3414 -49.661
141.35 -55.3414 -49.5577
141.4 -55.3414 -49.4502
141.45 -55.3414 -49.3381
141.5 -55.3414 -49.2209
141.55 -55.3414 -49.098
141.6 -55.3414 -48.9687
141.65 -55.3414 -48.8325
141.7 -55.3414 -48.6884
141.75 -55.3414 -48.5356
141.8 -55.3414 -48.373
141.85 -55.3414 -48.1993
141.9 -55.3414 -48.0133
141.95 -55.3414 -47.8131
142 -55.3414 -47.5971
142.05 -55.3414 -47.3628
142.1 -55.3414 -47.1078
142.15 -55.3414 -46.8289
142.2 -55.3414 -46.5224
142.25 -55.3414 -46.184
142.3 -55.3414 -45.8082
142.35 -55.3414 -45.3885
142.4 -55.3414 -44.917
142.45 -55.3414 -44.3838
142.5 -55.3414 -43.7764
142.55 -55.3414 -43.0793
142.6 -55.3414 -42.2725
142.65 -55.3413 -41.3302
142.7 -55.3413 -40.2187
142.75 -55.3413 -38.8933
142.8 -55.3413 -37.2947
142.85 -55.3413 -35.3425
142.9 -55.3413 -32.9282
142.95 -55.3413 -29.9058
143 -55.3413 -26.0829
143.05 -55.3413 -21.2215
143.1 -55.3413 -15.0671
143.15 -55.3412 -7.45285
143.2 -55.3412 1.46735
143.25 -55.3412 10.9145
143.3 -55.3412 19.4839
143.35 -55.3412 25.8311
143.4 -55.3412 29.5002
143.45 -55.3412 30.9273
143.5 -55.3412 30.8318
143.55 -55.3411 29.7906
143.6 -55.3411 28.1637
143.65 -55.3411 26.1606
143.7 -55.3411 23.9066
143.75 -55.3411 21.4826
143.8 -55.3411 18.9449
143.85 -55.3411 16.3351
143.9 -55.3411 13.6847
143.95 -55.341 11.0178
144 -55.341 8.3527
144.05 -55.341 5.70331
144.1 -55.341 3.07978
144.15 -55.341 0.489293
144.2 -55.341 -2.06333
144.25 -55.341 -4.5752
144.3 -55.3409 -7.04502
144.35 -55.3409 -9.47283
144.4 -55.3409 -11.8598
144.45 -55.3409 -14.2084
144.5 -55.3409 -16.522
144.55 -55.3409 -18.8054
144.6 -55.3409 -21.0652
144.65 -55.3409 -23.3094
144.7 -55.3408 -25.5483
144.75 -55.3408 -27.7949
144.8 -55.3408 -30.0645
144.85 -55.3408 -32.3756
144.9 -55.3408 -34.7492
144.95 -55.3408 -37.2084
145 -55.3408 -39.7769
145.05 -55.3407 -42.4759
145.1 -55.3407 -45.3192
145.15 -55.3407 -48.3045
145.2 -55.3407 -51.4028
145.25 -55.3407 -54.5465
145.3 -55.3407 -57.6248
145.35 -55.3407 -60.4939
145.4 -55.3407 -63.0102
145.45 -55.3407 -65.0737
145.5 -55.3406 -66.6572
145.55 -55.3406 -67.8023
145.6 -55.3406 -68.5906
145.65 -55.3406 -69.1121
145.7 -55.3406 -69.4453
145.75 -55.3406 -69.6504
145.8 -55.3406 -69.7701
145.85 -55.3406 -69.8334
145.9 -55.3406 -69.8595
145.95 -55.3406 -69.8609
146 -55.3406 -69.8458
146.05 -55.3406 -69.8194
146.1 -55.3405 -69.7853
146.15 -55.3405 -69.7457
146.2 -55.3405 -69.7021
146.25 -55.3405 -69.6555
146.3 -55.3405 -69.6066
146.35 -55.3405 -69.5558
146.4 -55.3405 -69.5034
146.45 -55.3405 -69.4496
146.5 -55.3405 -69.3947
146.55 -55.3405 -69.3385
146.6 -55.3405 -69.2813
146.65 -55.3405 -69.2231
146.7 -55.3405 -69.164
146.75 -55.3405 -69.1038
146.8 -55.3405 -69.0427
146.85 -55.3405 -68.9807
146.9 -55.3405 -68.9178
146.95 -55.3405 -68.854
147 -55.3405 -68.7893
147.05 -55.3405 -68.7237
147.1 -55.3405 -68.6572
147.15 -55.3405 -68.5898
147.2 -55.3405 -68.5215
147.25 -55.3405 -68.4524
147.3 -55.3405 -68.3824
147.35 -55.3405 -68.3115
147.4 -55.3405 -68.2398
147.45 -55.3405 -68.1672
147.5 -55.3405 -68.0938
147.55 -55.3405 -68.0195
147.6 -55.3405 -67.9445
147.65 -55.3405 -67.8686
147.7 -55.3405 -67.7919
147.75 -55.3405 -67.7143
147.8 -55.3405 -67.636
147.85 -55.3405 -67.557
147.9 -55.3405 -67.4771
147.95 -55.3405 -67.3965
148 -55.3405 -67.3151
148.05 -55.3405 -67.233
148.1 -55.3405 -67.1502
148.15 -55.3405 -67.0666
148.2 -55.3405 -66.9824
148.25 -55.3406 -66.8974
148.3 -55.3406 -66.8118
148.35 -55.3406 -66.7256
148.4 -55.3406 -66.6387
148.45 -55.3406 -66.5511
148.5 -55.3406 -66.463
148.55 -55.3406 -66.3742
148.6 -55.3406 -66.2849
148.65 -55.3406 -66.195
148.7 -55.3406 -66.1046
148.75 -55.3406 -66.0136
148.8 -55.3406 -65.9221
148.85 -55.3406 -65.8301
148.9 -55.3407 -65.7377
148.95 -55.3407 -65.6448
149 -55.3407 -65.5514
149.05 -55.3407 -65.4576
149.1 -55.3407 -65.3635
149.15 -55.3407 -65.2689
149.2 -55.3407 -65.174
149.25 -55.3407 -65.0787
149.3 -55.3407 -64.9831
149.35 -55.3407 -64.8872
149.4 -55.3407 -64.791
149.45 -55.3407 -64.6945
149.5 -55.3408 -64.5978
149.55 -55.3408 -64.5008
149.6 -55.3408 -64.4037
149.65 -55.3408 -64.3063
149.7 -55.3408 -64.2088
149.75 -55.3408 -64.1112
149.8 -55.3408 -64.0134
149.85 -55.3408 -63.9155
149.9 -55.3408 -63.8175
149.95 -55.3408 -63.7194
150 -55.3409 -63.6212
150.05 -55.3409 -63.5231
150.1 -55.3409 -63.4249
150.15 -55.3409 -63.3267
150.2 -55.3409 -63.2285
150.25 -55.3409 -63.1304
150.3 -55.3409 -63.0323
150.35 -55.3409 -62.9343
150.4 -55.3409 -62.8363
150.45 -55.3409 -62.7385
150.5 -55.3409 -62.6408
150.55 -55.3409 -62.5432
150.6 -55.341 -62.4458
150.65 -55.341 -62.3486
150.7 -55.341 -62.2515
150.75 -55.341 -62.1546
150.8 -55.341 -62.058
150.85 -55.341 -61.9615
150.9 -55.341 -61.8653
150.95 -55.341 -61.7694
151 -55.341 -61.6737
151.05 -55.341 -61.5783
151.1 -55.341 -61.4831
151.15 -55.341 -61.3883
151.2 -55.341 -61.2938
151.25 -55.341 -61.1996
151.3 -55.3411 -61.1057
151.35 -55.3411 -61.0122
151.4 -55.3411 -60.919
151.45 -55.3411 -60.8262
151.5 -55.3411 -60.7338
151.55 -55.3411 -60.6417
151.6 -55.3411 -60.55
151.65 -55.3411 -60.4587
151.7 -55.3411 -60.3678
151.75 -55.3411 -60.2773
151.8 -55.3411 -60.1872
151.85 -55.3411 -60.0975
151.9 -55.3411 -60.0082
151.95 -55.3411 -59.9194
152 -55.3411 -59.831
152.05 -55.3411 -59.743
152.1 -55.3411 -59.6554
152.15 -55.3411 -59.5683
152.2 -55.3411 -59.4816
152.25 -55.3411 -59.3954
152.3 -55.3411 -59.3096
152.35 -55.3411 -59.2243
152.4 -55.3411 -59.1394
152.45 -55.3411 -59.0549
152.5 -55.3411 -58.9709
152.55 -55.3411 -58.8874
152.6 -55.3411 -58.8043
152.65 -55.3411 -58.7216
152.7 -55.3411 -58.6395
152.75 -55.3411 -58.5577
152.8 -55.3411 -58.4764
152.85 -55.3411 -58.3956
152.9 -55.3411 -58.3152
152.95 -55.3411 -58.2352
153 -55.3411 -58.1557
153.05 -55.3411 -58.0766
153.1 -55.3411 -57.998
153.15 -55.3411 -57.9198
153.2 -55.3411 -57.842
153.25 -55.3411 -57.7646
153.3 -55.3411 -57.6877
153.35 -55.3411 -57.6112
153.4 -55.3411 -57.5352
153.45 -55.3411 -57.4595
153.5 -55.3411 -57.3842
153.55 -55.3411 -57.3094
153.6 -55.3411 -57.235
153.65 -55.3411 -57.1609
153.7 -55.3411 -57.0873
153.75 -55.3411 -57.0141
153.8 -55.3411 -56.9412
153.85 -55.3411 -56.8687
153.9 -55.3411 -56.7966
153.95 -55.3411 -56.7249
154 -55.3411 -56.6536
154.05 -55.341 -56.5826
154.1 -55.341 -56.512
154.15 -55.341 -56.4417
154.2 -55.341 -56.3718
154.25 -55.341 -56.3022
154.3 -55.341 -56.233
154.35 -55.341 -56.1641
154.4 -55.341 -56.0955
154.45 -55.341 -56.0273
154.5 -55.341 -55.9594
154.55 -55.341 -55.8918
154.6 -55.341 -55.8245
154.65 -55.341 -55.7575
154.7 -55.341 -55.6908
154.75 -55.341 -55.6244
154.8 -55.341 -55.5583
154.85 -55.341 -55.4924
154.9 -55.3409 -55.4269
154.95 -55.3409 -55.3616
155 -55.3409 -55.2966
155.05 -55.3409 -55.2319
155.1 -55.3409 -55.1674
155.15 -55.3409 -55.1031
155.2 -55.3409 -55.0391
155.25 -55.3409 -54.9754
155.3 -55.3409 -54.9119
155.35 -55.3409 -54.8486
155.4 -55.3409 -54.7855
155.45 -55.3409 -54.7226
155.5 -55.3409 -54.66
155.55 -55.3409 -54.5976
155.6 -55.3409 -54.5353
155.65 -55.3409 -54.4733
155.7 -55.3408 -54.4114
155.75 -55.3408 -54.3498
155.8 -55.3408 -54.2883
155.85 -55.3408 -54.227
155.9 -55.3408 -54.1658
155.95 -55.3408 -54.1048
156 -55.3408 -54.044
156.05 -55.3408 -53.9833
156.1 -55.3408 -53.9227
156.15 -55.3408 -53.8623
156.2 -55.3408 -53.802
156.25 -55.3408 -53.7419
156.3 -55.3408 -53.6818
156.35 -55.3408 -53.6219
156.4 -55.3408 -53.562
156.45 -55.3408 -53.5023
156.5 -55.3408 -53.4426
156.55 -55.3408 -53.383
156.6 -55.3408 -53.3235
156.65 -55.3407 -53.2641
156.7 -55.3407 -53.2047
156.75 -55.3407 -53.1453
156.8 -55.3407 -53.086
156.85 -55.3407 -53.0267
156.9 -55.3407 -52.9675
156.95 -55.3407 -52.9082
157 -55.3407 -52.8489
157.05 -55.3407 -52.7897
157.1 -55.3407 -52.7304
157.15 -55.3407 -52.6711
157.2 -55.3407 -52.6117
157.25 -55.3407 -52.5523
157.3 -55.3407 -52.4928
157.35 -55.3407 -52.4332
157.4 -55.3407 -52.3735
157.45 -55.3407 -52.3137
157.5 -55.3407 -52.2538
157.55 -55.3407 -52.1937
157.6 -55.3407 -52.1334
157.65 -55.3407 -52.073
157.7 -55.3407 -52.0123
157.75 -55.3407 -51.9514
157.8 -55.3407 -51.8903
157.85 -55.3407 -51.8289
157.9 -55.3407 -51.7672
157.95 -55.3407 -51.7051
158 -55.3407 -51.6427
158.05 -55.3407 -51.5799
158.1 -55.3407 -51.5166
158.15 -55.3407 -51.4529
158.2 -55.3407 -51.3886
158.25 -55.3407 -51.3238
158.3 -55.3407 -51.2584
158.35 -55.3407 -51.1924
158.4 -55.3407 -51.1256
158.45 -55.3407 -51.058
158.5 -55.3407 -50.9897
158.55 -55.3407 -50.9203
158.6 -55.3407 -50.85
158.65 -55.3407 -50.7787
158.7 -55.3407 -50.7061
158.75 -55.3407 -50.6323
158.8 -55.3407 -50.5571
158.85 -55.3407 -50.4804
158.9 -55.3407 -50.4021
158.95 -55.3407 -50.322
159 -55.3407 -50.2399
159.05 -55.3407 -50.1557
159.1 -55.3407 -50.0692
159.15 -55.3407 -49.9801
159.2 -55.3407 -49.8883
159.25 -55.3407 -49.7934
159.3 -55.3407 -49.6951
159.35 -55.3407 -49.5931
159.4 -55.3407 -49.4871
159.45 -55.3407 -49.3766
159.5 -55.3407 -49.2612
159.55 -55.3407 -49.1402
159.6 -55.3407 -49.0132
159.65 -55.3408 -48.8794
159.7 -55.3408 -48.7381
159.75 -55.3408 -48.5883
159.8 -55.3408 -48.4291
159.85 -55.3408 -48.2593
159.9 -55.3408 -48.0776
159.95 -55.3408 -47.8824
160 -55.3408 -47.6719
160.05 -55.3408 -47.4441
160.1 -55.3408 -47.1964
160.15 -55.3408 -46.9259
160.2 -55.3408 -46.6292
160.25 -55.3408 -46.302
160.3 -55.3408 -45.9395
160.35 -55.3408 -45.5354
160.4 -55.3408 -45.0824
160.45 -55.3408 -44.5712
160.5 -55.3408 -43.9904
160.55 -55.3408 -43.3255
160.6 -55.3408 -42.5582
160.65 -55.3408 -41.6649
160.7 -55.3408 -40.6147
160.75 -55.3408 -39.3672
160.8 -55.3408 -37.8684
160.85 -55.3409 -36.0459
160.9 -55.3409 -33.8015
160.95 -55.3409 -31.003
161 -55.3409 -27.4743
161.05 -55.3409 -22.9916
161.1 -55.3409 -17.2991
161.15 -55.3409 -10.1818
161.2 -55.3409 -1.65096
161.25 -55.3409 7.75186
161.3 -55.3409 16.7912
161.35 -55.3409 23.9926
161.4 -55.3409 28.549
161.45 -55.3409 30.6523
161.5 -55.3409 30.9941
161.55 -55.3409 30.2214
161.6 -55.3409 28.7625
161.65 -55.3409 26.869
161.7 -55.3409 24.6889
161.75 -55.3409 22.3149
161.8 -55.3409 19.8103
161.85 -55.3409 17.2208
161.9 -55.3409 14.5811
161.95 -55.3409 11.9174
162 -55.3409 9.24996
162.05 -55.3409 6.59398
162.1 -55.3409 3.96079
162.15 -55.3409 1.35852
162.2 -55.3409 -1.20727
162.25 -55.341 -3.73309
162.3 -55.341 -6.21714
162.35 -55.341 -8.65903
162.4 -55.341 -11.0596
162.45 -55.341 -13.4208
162.5 -55.341 -15.7456
162.55 -55.341 -18.0386
162.6 -55.341 -20.3056
162.65 -55.341 -22.5539
162.7 -55.341 -24.7934
162.75 -55.341 -27.0358
162.8 -55.341 -29.2957
162.85 -55.341 -31.5906
162.9 -55.341 -33.9406
162.95 -55.341 -36.3683
163 -55.341 -38.8974
163.05 -55.341 -41.5504
163.1 -55.341 -44.3443
163.15 -55.341 -47.2834
163.2 -55.341 -50.349
163.25 -55.341 -53.4877
163.3 -55.341 -56.6029
163.35 -55.341 -59.5595
163.4 -55.341 -62.2089
163.45 -55.341 -64.4321
163.5 -55.341 -66.1757
163.55 -55.341 -67.4607
163.6 -55.341 -68.3591
163.65 -55.341 -68.9609
163.7 -55.341 -69.3499
163.75 -55.341 -69.5927
163.8 -55.341 -69.7373
163.85 -55.341 -69.8171
163.9 -55.341 -69.854
163.95 -55.341 -69.8627
164 -55.341 -69.8524
164.05 -55.341 -69.8294
164.1 -55.341 -69.7976
164.15 -55.341 -69.7596
164.2 -55.341 -69.7173
164.25 -55.341 -69.6716
164.3 -55.341 -69.6234
164.35 -55.341 -69.5732
164.4 -55.341 -69.5213
164.45 -55.341 -69.468
164.5 -55.341 -69.4134
164.55 -55.341 -69.3577
164.6 -55.341 -69.3009
164.65 -55.341 -69.243
164.7 -55.341 -69.1842
164.75 -55.341 -69.1243
164.8 -55.341 -69.0636
164.85 -55.341 -69.0019
164.9 -55.341 -68.9393
164.95 -55.341 -68.8758
165 -55.3409 -68.8114
165.05 -55.3409 -68.7461
165.1 -55.3409 -68.6799
165.15 -55.3409 -68.6128
165.2 -55.3409 -68.5448
165.25 -55.3409 -68.476
165.3 -55.3409 -68.4063
165.35 -55.3409 -68.3357
165.4 -55.3409 -68.2643
165.45 -55.3409 -68.192
165.5 -55.3409 -68.1189
165.55 -55.3409 -68.0449
165.6 -55.3409 -67.9701
165.65 -55.3409 -67.8945
165.7 -55.3409 -67.8181
165.75 -55.3409 -67.7409
165.8 -55.3409 -67.6629
165.85 -55.3409 -67.584
165.9 -55.3409 -67.5044
165.95 -55.3409 -67.4241
166 -55.3409 -67.343
166.05 -55.3409 -67.2611
166.1 -55.3409 -67.1786
166.15 -55.3409 -67.0953
166.2 -55.3409 -67.0113
166.25 -55.3409 -66.9266
166.3 -55.3409 -66.8412
166.35 -55.3409 -66.7552
166.4 -55.3409 -66.6685
166.45 -55.3409 -66.5812
166.5 -55.3409 -66.4932
166.55 -55.3409 -66.4047
166.6 -55.3409 -66.3156
166.65 -55.3409 -66.2259
166.7 -55.3409 -66.1356
166.75 -55.3409 -66.0449
166.8 -55.3408 -65.9536
166.85 -55.3408 -65.8618
166.9 -55.3408 -65.7695
166.95 -55.3408 -65.6767
167 -55.3408 -65.5835
167.05 -55.3408 -65.4899
167.1 -55.3408 -65.3959
167.15 -55.3408 -65.3014
167.2 -55.3408 -65.2066
167.25 -55.3408 -65.1115
167.3 -55.3408 -65.016
167.35 -55.3408 -64.9202
167.4 -55.3408 -64.8241
167.45 -55.3408 -64.7278
167.5 -55.3408 -64.6311
167.55 -55.3408 -64.5343
167.6 -55.3408 -64.4372
167.65 -55.3408 -64.34
167.7 -55.3408 -64.2425
167.75 -55.3408 -64.1449
167.8 -55.3408 -64.0472
167.85 -55.3408 -63.9493
167.9 -55.3408 -63.8513
167.95 -55.3408 -63.7533
168 -55.3408 -63.6552
168.05 -55.3408 -63.557
168.1 -55.3408 -63.4589
168.15 -55.3408 -63.3607
168.2 -55.3408 -63.2625
168.25 -55.3408 -63.1644
168.3 -55.3408 -63.0663
168.35 -55.3408 -62.9683
168.4 -55.3408 -62.8703
168.45 -55.3408 -62.7725
168.5 -55.3408 -62.6747
168.55 -55.3408 -62.5771
168.6 -55.3408 -62.4797
168.65 -55.3408 -62.3824
168.7 -55.3408 -62.2853
168.75 -55.3408 -62.1883
168.8 -55.3408 -62.0916
168.85 -55.3408 -61.9951
168.9 -55.3408 -61.8988
168.95 -55.3408 -61.8028
169 -55.3408 -61.707
169.05 -55.3408 -61.6115
169.1 -55.3408 -61.5163
169.15 -55.3408 -61.4214
169.2 -55.3408 -61.3268
169.25 -55.3408 -61.2325
169.3 -55.3408 -61.1385
169.35 -55.3408 -61.0449
169.4 -55.3408 -60.9516
169.45 -55.3408 -60.8587
169.5 -55.3408 -60.7661
169.55 -55.3408 -60.6739
169.6 -55.3408 -60.5821
169.65 -55.3408 -60.4907
169.7 -55.3408 -60.3997
169.75 -55.3408 -60.309
169.8 -55.3408 -60.2188
169.85 -55.3408 -60.129
169.9 -55.3408 -60.0396
169.95 -55.3408 -59.9506
170 -55.3408 -59.8621
170.05 -55.3408 -59.7739
170.1 -55.3408 -59.6863
170.15 -55.3408 -59.599
170.2 -55.3408 -59.5122
170.25 -55.3408 -59.4258
170.3 -55.3408 -59.3399
170.35 -55.3408 -59.2544
170.4 -55.3408 -59.1694
170.45 -55.3408 -59.0848
170.5 -55.3408 -59.0006
170.55 -55.3408 -58.917
170.6 -55.3408 -58.8337
170.65 -55.3408 -58.7509
170.7 -55.3408 -58.6686
170.75 -55.3408 -58.5867
170.8 -55.3408 -58.5053
170.85 -55.3408 -58.4243
170.9 -55.3408 -58.3437
170.95 -55.3408 -58.2636
171 -55.3408 -58.184
171.05 -55.3408 -58.1048
171.1 -55.3408 -58.026
171.15 -55.3408 -57.9476
171.2 -55.3408 -57.8697
171.25 -55.3408 -57.7923
171.3 -55.3408 -57.7152
171.35 -55.3408 -57.6386
171.4 -55.3408 -57.5624
171.45 -55.3408 -57.4866
171.5 -55.3408 -57.4112
171.55 -55.3408 -57.3362
171.6 -55.3409 -57.2617
171.65 -55.3409 -57.1875
171.7 -55.3409 -57.1137
171.75 -55.3409 -57.0404
171.8 -55.3409 -56.9674
171.85 -55.3409 -56.8948
171.9 -55.3409 -56.8226
171.95 -55.3409 -56.7508
172 -55.3409 -56.6793
172.05 -55.3409 -56.6082
172.1 -55.3409 -56.5375
172.15 -55.3409 -56.4671
172.2 -55.3409 -56.3971
172.25 -55.3409 -56.3274
172.3 -55.3409 -56.258
172.35 -55.3409 -56.189
172.4 -55.3409 -56.1204
172.45 -55.3409 -56.052
172.5 -55.3409 -55.984
172.55 -55.3409 -55.9163
172.6 -55.3409 -55.8489
172.65 -55.3409 -55.7818
172.7 -55.3409 -55.7151
172.75 -55.3409 -55.6486
172.8 -55.3409 -55.5824
172.85 -55.3409 -55.5165
172.9 -55.3409 -55.4508
172.95 -55.3409 -55.3855
173 -55.3409 -55.3204
173.05 -55.3409 -55.2556
173.1 -55.3409 -55.191
173.15 -55.3409 -55.1267
173.2 -55.3409 -55.0626
173.25 -55.3409 -54.9988
173.3 -55.3409 -54.9352
173.35 -55.3409 -54.8718
173.4 -55.3409 -54.8087
173.45 -55.3409 -54.7458
173.5 -55.3409 -54.6831
173.55 -55.3409 -54.6206
173.6 -55.3409 -54.5583
173.65 -55.3409 -54.4962
173.7 -55.3409 -54.4343
173.75 -55.3409 -54.3726
173.8 -55.3409 -54.3111
173.85 -55.3409 -54.2497
173.9 -55.3409 -54.1885
173.95 -55.3409 -54.1275
174 -55.3409 -54.0666
174.05 -55.3409 -54.0059
174.1 -55.3409 -53.9453
174.15 -55.3409 -53.8849
174.2 -55.3409 -53.8245
174.25 -55.3409 -53.7644
174.3 -55.3409 -53.7043
174.35 -55.3409 -53.6443
174.4 -55.3409 -53.5845
174.45 -55.3409 -53.5247
174.5 -55.3409 -53.465
174.55 -55.3409 -53.4054
174.6 -55.3409 -53.3459
174.65 -55.3409 -53.2865
174.7 -55.3409 -53.2271
174.75 -55.3409 -53.1677
174.8 -55.3409 -53.1085
174.85 -55.3409 -53.0492
174.9 -55.3409 -52.9899
174.95 -55.3409 -52.9307
175 -55.3409 -52.8715
175.05 -55.3409 -52.8123
175.1 -55.3409 -52.753
175.15 -55.3409 -52.6937
175.2 -55.3409 -52.6344
175.25 -55.3409 -52.5751
175.3 -55.3409 -52.5156
175.35 -55.3409 -52.4561
175.4 -55.3409 -52.3965
175.45 -55.3409 -52.3368
175.5 -55.3409 -52.2769
175.55 -55.3409 -52.217
175.6 -55.3409 -52.1568
175.65 -55.3409 -52.0965
175.7 -55.3409 -52.036
175.75 -55.3409 -51.9752
175.8 -55.3409 -51.9143
175.85 -55.3409 -51.853
175.9 -55.3409 -51.7915
175.95 -55.3409 -51.7296
176 -55.3409 -51.6674
176.05 -55.3409 -51.6048
176.1 -55.3409 -51.5418
176.15 -55.3409 -51.4783
176.2 -55.3409 -51.4144
176.25 -55.3409 -51.3499
176.3 -55.3409 -51.2848
176.35 -55.3409 -51.2191
176.4 -55.3409 -51.1527
176.45 -55.3409 -51.0855
176.5 -55.3409 -51.0176
176.55 -55.3409 -50.9487
176.6 -55.3409 -50.879
176.65 -55.3409 -50.8081
176.7 -55.3409 -50.7362
176.75 -55.3409 -50.663
176.8 -55.3409 -50.5886
176.85 -55.3409 -50.5126
176.9 -55.3409 -50.4351
176.95 -55.3409 -50.3559
177 -55.3409 -50.2748
177.05 -55.3409 -50.1917
177.1 -55.3409 -50.1064
177.15 -55.3409 -50.0186
177.2 -55.3409 -49.9281
177.25 -55.3409 -49.8348
177.3 -55.3409 -49.7382
177.35 -55.3409 -49.6381
177.4 -55.3409 -49.5341
177.45 -55.3409 -49.4258
177.5 -55.3409 -49.3128
177.55 -55.3409 -49.1946
177.6 -55.3409 -49.0706
177.65 -55.3409 -48.9402
177.7 -55.3409 -48.8026
177.75 -55.3409 -48.657
177.8 -55.3409 -48.5025
177.85 -55.3409 -48.3379
177.9 -55.3409 -48.1621
177.95 -55.3409 -47.9736
178 -55.3409 -47.7707
178.05 -55.3408 -47.5515
178.1 -55.3408 -47.3136
178.15 -55.3408 -47.0544
178.2 -55.3408 -46.7707
178.25 -55.3408 -46.4586
178.3 -55.3408 -46.1136
178.35 -55.3408 -45.7302
178.4 -55.3408 -45.3015
178.45 -55.3408 -44.8193
178.5 -55.3408 -44.2733
178.55 -55.3408 -43.6504
178.6 -55.3408 -42.9345
178.65 -55.3408 -42.1045
178.7 -55.3408 -41.1333
178.75 -55.3408 -39.9855
178.8 -55.3408 -38.614
178.85 -55.3408 -36.9559
178.9 -55.3408 -34.9264
178.95 -55.3408 -32.4106
179 -55.3408 -29.2545
179.05 -55.3408 -25.2566
179.1 -55.3408 -20.1723
179.15 -55.3408 -13.7525
179.2 -55.3408 -5.8687
179.25 -55.3408 3.22937
179.3 -55.3408 12.6275
179.35 -55.3408 20.8618
179.4 -55.3408 26.7078
179.45 -55.3408 29.9061
179.5 -55.3408 30.9947
179.55 -55.3408 30.6856
179.6 -55.3408 29.5132
179.65 -55.3408 27.8033
179.7 -55.3408 25.7455
179.75 -55.3408 23.4545
179.8 -55.3408 21.0054
179.85 -55.3408 18.4515
179.9 -55.3408 15.832
179.95 -55.3408 13.1768
180 -55.3408 10.509
180.05 -55.3408 7.84603
180.1 -55.3408 5.20087
180.15 -55.3408 2.58313
180.2 -55.3408 -0.000479688
180.25 -55.3408 -2.54555
180.3 -55.3408 -5.04951
180.35 -55.3408 -7.51134
180.4 -55.3408 -9.93129
180.45 -55.3408 -12.3108
180.5 -55.3408 -14.6524
180.55 -55.3408 -16.9599
180.6 -55.3408 -19.2383
180.65 -55.3408 -21.4944
180.7 -55.3408 -23.7367
180.75 -55.3408 -25.9761
180.8 -55.3408 -28.2258
180.85 -55.3408 -30.5019
180.9 -55.3408 -32.8232
180.95 -55.3408 -35.2112
181 -55.3408 -37.6894
181.05 -55.3408 -40.2813
181.1 -55.3408 -43.0071
181.15 -55.3408 -45.8783
181.2 -55.3408 -48.8883
181.25 -55.3408 -52.0017
181.3 -55.3408 -55.1427
181.35 -55.3408 -58.1926
181.4 -55.3408 -61.0047
181.45 -55.3408 -63.4403
181.5 -55.3408 -65.412
181.55 -55.3408 -66.9069
181.6 -55.3408 -67.977
181.65 -55.3408 -68.7077
181.7 -55.3408 -69.1878
181.75 -55.3408 -69.4925
181.8 -55.3408 -69.6786
181.85 -55.3408 -69.7856
181.9 -55.3408 -69.8406
181.95 -55.3408 -69.8612
182 -55.3408 -69.8589
182.05 -55.3408 -69.8413
182.1 -55.3409 -69.8133
182.15 -55.3409 -69.778
182.2 -55.3409 -69.7375
182.25 -55.3409 -69.6933
182.3 -55.3409 -69.6462
182.35 -55.3409 -69.5969
182.4 -55.3409 -69.5458
182.45 -55.3409 -69.4931
182.5 -55.3409 -69.4391
182.55 -55.3409 -69.3839
182.6 -55.3409 -69.3276
182.65 -55.3409 -69.2702
182.7 -55.3409 -69.2118
182.75 -55.3409 -69.1524
182.8 -55.3409 -69.0921
182.85 -55.3409 -69.0308
182.9 -55.3409 -68.9687
182.95 -55.3409 -68.9056
183 -55.3409 -68.8416
183.05 -55.3409 -68.7767
183.1 -55.3409 -68.7109
183.15 -55.3409 -68.6442
183.2 -55.3409 -68.5767
183.25 -55.3409 -68.5082
183.3 -55.3409 -68.4389
183.35 -55.3409 -68.3688
183.4 -55.3409 -68.2977
183.45 -55.3409 -68.2258
183.5 -55.3409 -68.1531
183.55 -55.3409 -68.0795
183.6 -55.3409 -68.0051
183.65 -55.3409 -67.9299
183.7 -55.3409 -67.8538
183.75 -55.3409 -67.777
183.8 -55.3409 -67.6993
183.85 -55.3409 -67.6209
183.9 -55.3409 -67.5416
183.95 -55.3409 -67.4616
184 -55.3409 -67.3809
184.05 -55.3409 -67.2993
184.1 -55.3409 -67.2171
184.15 -55.3409 -67.1341
184.2 -55.3409 -67.0504
184.25 -55.3409 -66.9661
184.3 -55.3409 -66.881
184.35 -55.3409 -66.7953
184.4 -55.3409 -66.7089
184.45 -55.3409 -66.6219
184.5 -55.3409 -66.5342
184.55 -55.3409 -66.4459
184.6 -55.3409 -66.3571
184.65 -55.3409 -66.2676
184.7 -55.3409 -66.1776
184.75 -55.3409 -66.0871
184.8 -55.3409 -65.996
184.85 -55.3409 -65.9045
184.9 -55.3409 -65.8124
184.95 -55.3409 -65.7198
185 -55.3409 -65.6268
185.05 -55.3409 -65.5334
185.1 -55.3409 -65.4396
185.15 -55.3409 -65.3453
185.2 -55.3409 -65.2507
185.25 -55.3409 -65.1557
185.3 -55.3409 -65.0603
185.35 -55.3409 -64.9647
185.4 -55.3409 -64.8687
185.45 -55.3409 -64.7724
185.5 -55.3409 -64.6759
185.55 -55.3409 -64.5792
185.6 -55.3409 -64.4822
185.65 -55.3409 -64.385
185.7 -55.3409 -64.2876
185.75 -55.3409 -64.1901
185.8 -55.3409 -64.0924
185.85 -55.3409 -63.9946
185.9 -55.3409 -63.8966
185.95 -55.3409 -63.7986
186 -55.3409 -63.7005
186.05 -55.3409 -63.6024
186.1 -55.3409 -63.5042
186.15 -55.3409 -63.406
186.2 -55.3409 -63.3079
186.25 -55.3409 -63.2097
186.3 -55.3409 -63.1116
186.35 -55.3409 -63.0135
186.4 -55.3409 -62.9155
186.45 -55.3409 -62.8176
186.5 -55.3409 -62.7198
186.55 -55.3409 -62.6221
186.6 -55.3409 -62.5246
186.65 -55.3409 -62.4272
186.7 -55.3409 -62.33
186.75 -55.3409 -62.2329
186.8 -55.3409 -62.1361
186.85 -55.3409 -62.0395
186.9 -55.3409 -61.9431
186.95 -55.3409 -61.8469
187 -55.3409 -61.751
187.05 -55.3409 -61.6554
187.1 -55.3409 -61.56
187.15 -55.3409 -61.465
187.2 -55.3409 -61.3702
187.25 -55.3409 -61.2758
187.3 -55.3409 -61.1816
187.35 -55.3409 -61.0878
187.4 -55.3409 -60.9944
187.45 -55.3409 -60.9013
187.5 -55.3409 -60.8085
187.55 -55.3409 -60.7162
187.6 -55.3409 -60.6242
187.65 -55.3409 -60.5325
187.7 -55.3409 -60.4413
187.75 -55.3409 -60.3505
187.8 -55.3409 -60.26
187.85 -55.3409 -60.17
187.9 -55.3409 -60.0804
187.95 -55.3409 -59.9912
188 -55.3409 -59.9025
188.05 -55.3409 -59.8141
188.1 -55.3409 -59.7262
188.15 -55.3409 -59.6388
188.2 -55.3409 -59.5517
188.25 -55.3409 -59.4652
188.3 -55.3409 -59.379
188.35 -55.3409 -59.2933
188.4 -55.3409 -59.2081
188.45 -55.3409 -59.1233
188.5 -55.3409 -59.0389
188.55 -55.3409 -58.955
188.6 -55.3409 -58.8715
188.65 -55.3409 -58.7885
188.7 -55.3409 -58.706
188.75 -55.3409 -58.6239
188.8 -55.3409 -58.5422
188.85 -55.3409 -58.461
188.9 -55.3409 -58.3803
188.95 -55.3409 -58.2999
189 -55.3409 -58.2201
189.05 -55.3409 -58.1406
189.1 -55.3409 -58.0617
189.15 -55.3409 -57.9831
189.2 -55.3409 -57.905
189.25 -55.3409 -57.8273
189.3 -55.3409 -57.75
189.35 -55.3409 -57.6732
189.4 -55.3409 -57.5968
189.45 -55.3409 -57.5208
189.5 -55.3409 -57.4452
189.55 -55.3409 -57.37
189.6 -55.3409 -57.2953
189.65 -55.3409 -57.2209
189.7 -55.3409 -57.147
189.75 -55.3409 -57.0734
189.8 -55.3409 -57.0003
189.85 -55.3409 -56.9275
189.9 -55.3409 -56.8551
189.95 -55.3409 -56.7831
190 -55.3408 -56.7114
190.05 -55.3408 -56.6401
190.1 -55.3408 -56.5692
190.15 -55.3408 -56.4987
190.2 -55.3408 -56.4285
190.25 -55.3408 -56.3586
190.3 -55.3408 -56.2891
190.35 -55.3408 -56.22
190.4 -55.3408 -56.1511
190.45 -55.3408 -56.0826
190.5 -55.3408 -56.0145
190.55 -55.3408 -55.9466
190.6 -55.3408 -55.8791
190.65 -55.3408 -55.8118
190.7 -55.3408 -55.7449
190.75 -55.3408 -55.6783
190.8 -55.3408 -55.6119
190.85 -55.3408 -55.5459
190.9 -55.3408 -55.4801
190.95 -55.3408 -55.4146
191 -55.3408 -55.3494
191.05 -55.3408 -55.2845
191.1 -55.3408 -55.2198
191.15 -55.3408 -55.1553
191.2 -55.3408 -55.0911
191.25 -55.3408 -55.0272
191.3 -55.3408 -54.9635
191.35 -55.3408 -54.9
191.4 -55.3408 -54.8368
191.45 -55.3408 -54.7737
191.5 -55.3408 -54.7109
191.55 -55.3408 -54.6483
191.6 -55.3408 -54.5859
191.65 -55.3408 -54.5237
191.7 -55.3408 -54.4618
191.75 -55.3408 -54.3999
191.8 -55.3408 -54.3383
191.85 -55.3408 -54.2769
191.9 -55.3409 -54.2156
191.95 -55.3409 -54.1545
192 -55.3409 -54.0935
192.05 -55.3409 -54.0327
192.1 -55.3409 -53.972
192.15 -55.3409 -53.9115
192.2 -55.3409 -53.8511
192.25 -55.3409 -53.7909
192.3 -55.3409 -53.7307
192.35 -55.3409 -53.6707
192.4 -55.3409 -53.6108
192.45 -55.3409 -53.551
192.5 -55.3409 -53.4913
192.55 -55.3409 -53.4316
192.6 -55.3409 -53.3721
192.65 -55.3409 -53.3126
192.7 -55.3409 -53.2531
192.75 -55.3409 -53.1938
192.8 -55.3409 -53.1344
192.85 -55.3409 -53.0751
192.9 -55.3409 -53.0159
192.95 -55.3409 -52.9566
193 -55.3409 -52.8974
193.05 -55.3409 -52.8381
193.1 -55.3409 -52.7789
193.15 -55.3409 -52.7196
193.2 -55.3409 -52.6603
193.25 -55.3409 -52.6009
193.3 -55.3409 -52.5415
193.35 -55.3409 -52.482
193.4 -55.3409 -52.4224
193.45 -55.3409 -52.3627
193.5 -55.3409 -52.3029
193.55 -55.3409 -52.2429
193.6 -55.3409 -52.1828
193.65 -55.3409 -52.1226
193.7 -55.3409 -52.0621
193.75 -55.3409 -52.0014
193.8 -55.3409 -51.9405
193.85 -55.3409 -51.8794
193.9 -55.3409 -51.8179
193.95 -55.3409 -51.7562
194 -55.3409 -51.6941
194.05 -55.3409 -51.6316
194.1 -55.3409 -51.5687
194.15 -55.3409 -51.5054
194.2 -55.3409 -51.4416
194.25 -55.3409 -51.3773
194.3 -55.3409 -51.3124
194.35 -55.3409 -51.247
194.4 -55.3409 -51.1808
194.45 -55.3409 -51.1139
194.5 -55.3409 -51.0463
194.55 -55.3409 -50.9778
194.6 -55.3409 -50.9083
194.65 -55.3409 -50.8379
194.7 -55.3409 -50.7664
194.75 -55.3409 -50.6937
194.8 -55.3409 -50.6197
194.85 -55.3409 -50.5443
194.9 -55.3409 -50.4674
194.95 -55.3409 -50.3888
195 -55.3409 -50.3084
195.05 -55.3409 -50.2261
195.1 -55.3409 -50.1416
195.15 -55.3409 -50.0547
195.2 -55.3409 -49.9653
195.25 -55.3409 -49.873
195.3 -55.3409 -49.7777
195.35 -55.3409 -49.6789
195.4 -55.3409 -49.5764
195.45 -55.3409 -49.4698
195.5 -55.3409 -49.3587
195.55 -55.3409 -49.2425
195.6 -55.3409 -49.1207
195.65 -55.3409 -48.9928
195.7 -55.3409 -48.858
195.75 -55.3409 -48.7155
195.8 -55.3409 -48.5644
195.85 -55.3409 -48.4038
195.9 -55.3409 -48.2324
195.95 -55.3409 -48.0489
196 -55.3409 -47.8516
196.05 -55.3409 -47.6388
196.1 -55.3409 -47.4083
196.15 -55.3409 -47.1575
196.2 -55.3409 -46.8835
196.25 -55.3409 -46.5827
196.3 -55.3409 -46.2508
196.35 -55.3409 -45.8827
196.4 -55.3409 -45.472
196.45 -55.3409 -45.0113
196.5 -55.3409 -44.4908
196.55 -55.3409 -43.8989
196.6 -55.3409 -43.2205
196.65 -55.3409 -42.4367
196.7 -55.3409 -41.5228
196.75 -55.3409 -40.447
196.8 -55.3409 -39.167
196.85 -55.3409 -37.6266
196.9 -55.3409 -35.75
196.95 -55.3409 -33.4349
197 -55.3409 -30.5432
197.05 -55.3409 -26.892
197.1 -55.3409 -22.2512
197.15 -55.3409 -16.3645
197.2 -55.3409 -9.03467
197.25 -55.3409 -0.329509
197.3 -55.3409 9.11004
197.35 -55.3409 17.9682
197.4 -55.3409 24.8127
197.45 -55.3409 28.9843
197.5 -55.3409 30.7881
197.55 -55.3409 30.9345
197.6 -55.3409 30.0417
197.65 -55.3409 28.508
197.7 -55.3409 26.5658
197.75 -55.3409 24.3529
197.8 -55.3409 21.9567
197.85 -55.3409 19.4374
197.9 -55.3409 16.8388
197.95 -55.3409 14.1942
198 -55.3409 11.5289
198.05 -55.3409 8.86224
198.1 -55.3409 6.20895
198.15 -55.3409 3.57981
198.2 -55.3409 0.982542
198.25 -55.3409 -1.57763
198.3 -55.3409 -4.09747
198.35 -55.3409 -6.5754
198.4 -55.3409 -9.01122
198.45 -55.3409 -11.4059
198.5 -55.3409 -13.7616
198.55 -55.3409 -16.0816
198.6 -55.3409 -18.3704
198.65 -55.3409 -20.6341
198.7 -55.3409 -22.8805
198.75 -55.3409 -25.1196
198.8 -55.3409 -27.3636
198.85 -55.3409 -29.6275
198.9 -55.3409 -31.9291
198.95 -55.3409 -34.2889
199 -55.3409 -36.7299
199.05 -55.3409 -39.2756
199.1 -55.3409 -41.9483
199.15 -55.3409 -44.7635
199.2 -55.3409 -47.7228
199.25 -55.3409 -50.8033
199.3 -55.3409 -53.9455
199.35 -55.3409 -57.0467
199.4 -55.3409 -59.9675
199.45 -55.3409 -62.561
199.5 -55.3409 -64.7158
199.55 -55.3409 -66.3898
199.6 -55.3409 -67.6132
199.65 -55.3409 -68.4628
199.7 -55.3409 -69.0288
199.75 -55.3409 -69.3928
199.8 -55.3409 -69.6187
199.85 -55.3409 -69.7522
199.9 -55.3409 -69.8245
199.95 -55.3409 -69.8566
