0 60 -10
0.05 45.947 -8.46792
0.1 38.9108 -1.9678
0.15 35.1245 12.5339
0.2 32.4435 32.9049
0.25 29.991 47.5941
0.3 27.4801 51.4298
0.35 24.8482 51.5651
0.4 22.107 50.3071
0.45 19.2878 46.9906
0.5 16.4228 39.1732
0.55 13.5401 22.0674
0.6 10.6624 -8.95784
0.65 7.80722 63.2511
0.7 4.98771 78.5597
0.75 2.21312 98.5082
0.8 -0.510332 52.5421
0.85 -3.17893 38.9299
0.9 -5.79095 36.358
0.95 -8.34627 35.6192
1 -10.8461 34.8467
1.05 -13.2929 33.7789
1.1 -15.6902 32.4362
1.15 -18.0429 30.8747
1.2 -20.3572 29.1443
1.25 -22.6409 27.2844
1.3 -24.9038 25.3251
1.35 -27.1578 23.2901
1.4 -29.4171 21.1982
1.45 -31.6984 19.0646
1.5 -34.0208 16.9019
1.55 -36.405 14.72
1.6 -38.8723 12.5273
1.65 -41.4427 10.3305
1.7 -44.1303 8.13481
1.75 -46.9382 5.94456
1.8 -49.85 3.76296
1.85 -52.8206 1.59246
1.9 -55.7699 -0.565232
1.95 -58.5861 -2.70901
2 -61.1436 -4.83835
2.05 -63.3354 -6.95329
2.1 -65.1031 -9.05439
2.15 -66.4488 -11.1428
2.2 -67.4227 -13.2204
2.25 -68.0983 -15.2897
2.3 -68.5501 -17.3544
2.35 -68.8416 -19.4192
2.4 -69.0214 -21.4905
2.45 -69.1248 -23.5765
2.5 -69.176 -25.6879
2.55 -69.1916 -27.8379
2.6 -69.183 -30.0433
2.65 -69.1574 -32.3243
2.7 -69.12 -34.7051
2.75 -69.0742 -37.2133
2.8 -69.0221 -39.8785
2.85 -68.9655 -42.7284
2.9 -68.9053 -45.782
2.95 -68.8422 -49.0365
3 -68.7768 -52.4493
3.05 -68.7095 -55.9186
3.1 -68.6404 -59.2752
3.15 -68.5698 -62.3079
3.2 -68.4978 -64.8286
3.25 -68.4244 -66.7441
3.3 -68.3498 -68.0811
3.35 -68.274 -68.9483
3.4 -68.197 -69.4775
3.45 -68.1188 -69.7831
3.5 -68.0395 -69.9485
3.55 -67.9591 -70.0287
3.6 -67.8776 -70.0578
3.65 -67.795 -70.0564
3.7 -67.7113 -70.0367
3.75 -67.6266 -70.0056
3.8 -67.5408 -69.9674
3.85 -67.454 -69.9246
3.9 -67.3662 -69.8785
3.95 -67.2773 -69.8301
4 -67.1874 -69.7799
4.05 -67.0965 -69.7281
4.1 -67.0046 -69.675
4.15 -66.9118 -69.6207
4.2 -66.8179 -69.5653
4.25 -66.7232 -69.5087
4.3 -66.6274 -69.451
4.35 -66.5308 -69.3923
4.4 -66.4332 -69.3325
4.45 -66.3347 -69.2717
4.5 -66.2354 -69.2098
4.55 -66.1352 -69.1468
4.6 -66.0341 -69.0828
4.65 -65.9322 -69.0177
4.7 -65.8295 -68.9515
4.75 -65.726 -68.8842
4.8 -65.6217 -68.8159
4.85 -65.5166 -68.7465
4.9 -65.4108 -68.6761
4.95 -65.3043 -68.6045
5 -65.1971 -68.5319
5.05 -65.0892 -68.4582
5.1 -64.9806 -68.3834
5.15 -64.8714 -68.3076
5.2 -64.7616 -68.2306
5.25 -64.6512 -68.1526
5.3 -64.5403 -68.0735
5.35 -64.4287 -67.9934
5.4 -64.3167 -67.9121
5.45 -64.2042 -67.8298
5.5 -64.0911 -67.7465
5.55 -63.9777 -67.6621
5.6 -63.8638 -67.5767
5.65 -63.7495 -67.4902
5.7 -63.6348 -67.4026
5.75 -63.5198 -67.3141
5.8 -63.4044 -67.2245
5.85 -63.2887 -67.134
5.9 -63.1727 -67.0424
5.95 -63.0565 -66.9499
6 -62.9401 -66.8563
6.05 -62.8234 -66.7619
6.1 -62.7065 -66.6664
6.15 -62.5895 -66.5701
6.2 -62.4723 -66.4728
6.25 -62.3551 -66.3745
6.3 -62.2377 -66.2754
6.35 -62.1202 -66.1755
6.4 -62.0027 -66.0746
6.45 -61.8852 -65.9729
6.5 -61.7676 -65.8704
6.55 -61.6501 -65.767
6.6 -61.5326 -65.6629
6.65 -61.4151 -65.558
6.7 -61.2977 -65.4523
6.75 -61.1804 -65.3459
6.8 -61.0633 -65.2388
6.85 -60.9462 -65.131
6.9 -60.8293 -65.0225
6.95 -60.7125 -64.9133
7 -60.5959 -64.8035
7.05 -60.4795 -64.6931
7.1 -60.3634 -64.5821
7.15 -60.2474 -64.4706
7.2 -60.1317 -64.3584
7.25 -60.0162 -64.2458
7.3 -59.9009 -64.1327
7.35 -59.7859 -64.0191
7.4 -59.6713 -63.905
7.45 -59.5568 -63.7905
7.5 -59.4427 -63.6756
7.55 -59.3289 -63.5603
7.6 -59.2154 -63.4446
7.65 -59.1022 -63.3287
7.7 -58.9893 -63.2123
7.75 -58.8768 -63.0958
7.8 -58.7646 -62.9789
7.85 -58.6527 -62.8618
7.9 -58.5411 -62.7445
7.95 -58.4299 -62.6269
8 -58.319 -62.5092
8.05 -58.2084 -62.3914
8.1 -58.0982 -62.2734
8.15 -57.9882 -62.1553
8.2 -57.8786 -62.0371
8.25 -57.7694 -61.9188
8.3 -57.6604 -61.8005
8.35 -57.5518 -61.6821
8.4 -57.4434 -61.5638
8.45 -57.3353 -61.4454
8.5 -57.2275 -61.3271
8.55 -57.12 -61.2089
8.6 -57.0128 -61.0906
8.65 -56.9058 -60.9725
8.7 -56.799 -60.8545
8.75 -56.6924 -60.7365
8.8 -56.5861 -60.6187
8.85 -56.4799 -60.5011
8.9 -56.374 -60.3835
8.95 -56.2681 -60.2662
9 -56.1624 -60.149
9.05 -56.0568 -60.032
9.1 -55.9513 -59.9152
9.15 -55.8459 -59.7986
9.2 -55.7405 -59.6822
9.25 -55.6351 -59.566
9.3 -55.5297 -59.4501
9.35 -55.4243 -59.3344
9.4 -55.3188 -59.2189
9.45 -55.2132 -59.1037
9.5 -55.1074 -58.9887
9.55 -55.0015 -58.8739
9.6 -54.8953 -58.7594
9.65 -54.7889 -58.6452
9.7 -54.6822 -58.5311
9.75 -54.5751 -58.4174
9.8 -54.4676 -58.3039
9.85 -54.3597 -58.1906
9.9 -54.2512 -58.0775
9.95 -54.1422 -57.9647
10 -54.0325 -57.852
10.05 -53.9222 -57.7396
10.1 -53.8111 -57.6274
10.15 -53.6991 -57.5154
10.2 -53.5861 -57.4035
10.25 -53.4722 -57.2919
10.3 -53.3571 -57.1803
10.35 -53.2408 -57.0689
10.4 -53.1232 -56.9576
10.45 -53.0041 -56.8464
10.5 -52.8834 -56.7353
10.55 -52.761 -56.6243
10.6 -52.6367 -56.5132
10.65 -52.5104 -56.4022
10.7 -52.3818 -56.2912
10.75 -52.2508 -56.1801
10.8 -52.1171 -56.069
10.85 -51.9805 -55.9577
10.9 -51.8408 -55.8464
10.95 -51.6976 -55.7348
11 -51.5506 -55.623
11.05 -51.3996 -55.511
11.1 -51.2439 -55.3987
11.15 -51.0833 -55.286
11.2 -50.9172 -55.173
11.25 -50.7451 -55.0595
11.3 -50.5663 -54.9455
11.35 -50.3802 -54.8309
11.4 -50.1858 -54.7158
11.45 -49.9824 -54.5999
11.5 -49.7687 -54.4833
11.55 -49.5438 -54.3659
11.6 -49.3061 -54.2475
11.65 -49.054 -54.1282
11.7 -48.7856 -54.0077
11.75 -48.4989 -53.886
11.8 -48.1911 -53.763
11.85 -47.8592 -53.6386
11.9 -47.4996 -53.5125
11.95 -47.1078 -53.3848
12 -46.6785 -53.2552
12.05 -46.2053 -53.1236
12.1 -45.6801 -52.9898
12.15 -45.0929 -52.8535
12.2 -44.4314 -52.7147
12.25 -43.6797 -52.5729
12.3 -42.8174 -52.428
12.35 -41.818 -52.2797
12.4 -40.6469 -52.1276
12.45 -39.2576 -51.9715
12.5 -37.5876 -51.8108
12.55 -35.5516 -51.6451
12.6 -33.0329 -51.474
12.65 -29.8715 -51.2969
12.7 -25.8534 -51.1132
12.75 -20.7078 -50.9221
12.8 -14.139 -50.7229
12.85 -5.95156 -50.5146
12.9 3.65861 -50.2961
12.95 13.7291 -50.0663
13 22.5936 -49.8238
13.05 28.8175 -49.567
13.1 32.1228 -49.2939
13.15 33.1723 -49.0024
13.2 32.7884 -48.6898
13.25 31.5514 -48.3531
13.3 29.795 -47.9886
13.35 27.7044 -47.5917
13.4 25.3889 -47.1571
13.45 22.9194 -46.6783
13.5 20.3464 -46.1469
13.55 17.708 -45.5528
13.6 15.0333 -44.8832
13.65 12.3451 -44.1217
13.7 9.66101 -43.247
13.75 6.99424 -42.2316
13.8 4.3547 -41.0386
13.85 1.74942 -39.6188
13.9 -0.816804 -37.9047
13.95 -3.34108 -35.8035
14 -5.82202 -33.1859
14.05 -8.25949 -29.8723
14.1 -10.6545 -25.6173
14.15 -13.0089 -20.1041
14.2 -15.326 -12.9834
14.25 -17.6098 -4.03568
14.3 -19.8659 6.4386
14.35 -22.1014 17.1552
14.4 -24.3253 26.0952
14.45 -26.5489 31.8554
14.5 -28.7859 34.5423
14.55 -31.0525 35.1136
14.6 -33.368 34.4461
14.65 -35.7537 33.0664
14.7 -38.2324 31.251
14.75 -40.8265 29.1479
14.8 -43.5539 26.8454
14.85 -46.422 24.4026
14.9 -49.4187 21.8631
14.95 -52.5011 19.2605
15 -55.5861 16.6214
15.05 -58.551 13.9667
15.1 -61.2521 11.3128
15.15 -63.5622 8.67264
15.2 -65.4097 6.0557
15.25 -66.7954 3.46909
15.3 -67.778 0.917736
15.35 -68.4425 -1.59516
15.4 -68.8741 -4.06784
15.45 -69.1433 -6.49976
15.5 -69.3026 -8.8914
15.55 -69.3888 -11.2442
15.6 -69.4266 -13.5604
15.65 -69.4324 -15.8435
15.7 -69.4167 -18.0979
15.75 -69.3867 -20.3294
15.8 -69.3467 -22.5455
15.85 -69.2997 -24.7558
15.9 -69.2477 -26.9718
15.95 -69.192 -29.2079
16 -69.1333 -31.4812
16.05 -69.0723 -33.8117
16.1 -69.0094 -36.2215
16.15 -68.9447 -38.7343
16.2 -68.8786 -41.3725
16.25 -68.8111 -44.1533
16.3 -68.7423 -47.0814
16.35 -68.6723 -50.1387
16.4 -68.6011 -53.2724
16.45 -68.5287 -56.3862
16.5 -68.4552 -59.3438
16.55 -68.3805 -61.9947
16.6 -68.3047 -64.2169
16.65 -68.2279 -65.9549
16.7 -68.1499 -67.2293
16.75 -68.0709 -68.1129
16.8 -67.9907 -68.6979
16.85 -67.9095 -69.0694
16.9 -67.8273 -69.2952
16.95 -67.744 -69.424
17 -67.6596 -69.489
17.05 -67.5741 -69.5124
17.1 -67.4877 -69.5084
17.15 -67.4002 -69.4863
17.2 -67.3117 -69.452
17.25 -67.2221 -69.4093
17.3 -67.1316 -69.3607
17.35 -67.0401 -69.3078
17.4 -66.9475 -69.2517
17.45 -66.8541 -69.193
17.5 -66.7596 -69.1323
17.55 -66.6642 -69.0698
17.6 -66.5679 -69.0058
17.65 -66.4706 -68.9404
17.7 -66.3725 -68.8737
17.75 -66.2734 -68.8057
17.8 -66.1735 -68.7365
17.85 -66.0728 -68.6662
17.9 -65.9711 -68.5947
17.95 -65.8687 -68.5221
18 -65.7654 -68.4484
18.05 -65.6614 -68.3736
18.1 -65.5566 -68.2977
18.15 -65.451 -68.2207
18.2 -65.3447 -68.1426
18.25 -65.2377 -68.0634
18.3 -65.1301 -67.9831
18.35 -65.0217 -67.9018
18.4 -64.9127 -67.8195
18.45 -64.8031 -67.736
18.5 -64.6928 -67.6515
18.55 -64.582 -67.566
18.6 -64.4706 -67.4794
18.65 -64.3587 -67.3918
18.7 -64.2463 -67.3032
18.75 -64.1334 -67.2135
18.8 -64.02 -67.1229
18.85 -63.9062 -67.0313
18.9 -63.792 -66.9387
18.95 -63.6773 -66.8451
19 -63.5623 -66.7505
19.05 -63.447 -66.655
19.1 -63.3313 -66.5586
19.15 -63.2153 -66.4613
19.2 -63.0991 -66.363
19.25 -62.9826 -66.2639
19.3 -62.8659 -66.1639
19.35 -62.749 -66.063
19.4 -62.6319 -65.9613
19.45 -62.5146 -65.8588
19.5 -62.3972 -65.7554
19.55 -62.2797 -65.6513
19.6 -62.1621 -65.5464
19.65 -62.0444 -65.4408
19.7 -61.9267 -65.3344
19.75 -61.809 -65.2273
19.8 -61.6913 -65.1195
19.85 -61.5735 -65.0111
19.9 -61.4559 -64.902
19.95 -61.3382 -64.7923
20 -61.2207 -64.682
20.05 -61.1032 -64.5711
20.1 -60.9858 -64.4596
20.15 -60.8686 -64.3477
20.2 -60.7515 -64.2352
20.25 -60.6346 -64.1222
20.3 -60.5178 -64.0087
20.35 -60.4013 -63.8948
20.4 -60.2849 -63.7805
20.45 -60.1687 -63.6658
20.5 -60.0528 -63.5508
20.55 -59.9371 -63.4354
20.6 -59.8217 -63.3196
20.65 -59.7065 -63.2036
20.7 -59.5916 -63.0873
20.75 -59.4769 -62.9707
20.8 -59.3626 -62.8539
20.85 -59.2485 -62.7369
20.9 -59.1347 -62.6198
20.95 -59.0213 -62.5025
21 -58.9081 -62.385
21.05 -58.7952 -62.2674
21.1 -58.6827 -62.1498
21.15 -58.5704 -62.032
21.2 -58.4585 -61.9143
21.25 -58.3469 -61.7965
21.3 -58.2355 -61.6786
21.35 -58.1245 -61.5609
21.4 -58.0138 -61.4431
21.45 -57.9034 -61.3254
21.5 -57.7933 -61.2078
21.55 -57.6835 -61.0902
21.6 -57.5739 -60.9728
21.65 -57.4647 -60.8555
21.7 -57.3556 -60.7383
21.75 -57.2469 -60.6213
21.8 -57.1384 -60.5045
21.85 -57.0301 -60.3878
21.9 -56.922 -60.2713
21.95 -56.8142 -60.1551
22 -56.7065 -60.0391
22.05 -56.599 -59.9233
22.1 -56.4916 -59.8077
22.15 -56.3844 -59.6924
22.2 -56.2773 -59.5774
22.25 -56.1703 -59.4626
22.3 -56.0634 -59.3482
22.35 -55.9565 -59.234
22.4 -55.8496 -59.12
22.45 -55.7427 -59.0064
22.5 -55.6358 -58.8931
22.55 -55.5288 -58.7801
22.6 -55.4217 -58.6674
22.65 -55.3145 -58.555
22.7 -55.2071 -58.4429
22.75 -55.0995 -58.331
22.8 -54.9916 -58.2195
22.85 -54.8835 -58.1083
22.9 -54.775 -57.9974
22.95 -54.6661 -57.8868
23 -54.5568 -57.7764
23.05 -54.447 -57.6664
23.1 -54.3366 -57.5566
23.15 -54.2256 -57.4471
23.2 -54.1139 -57.3378
23.25 -54.0015 -57.2287
23.3 -53.8882 -57.1199
23.35 -53.774 -57.0113
23.4 -53.6588 -56.9029
23.45 -53.5425 -56.7947
23.5 -53.425 -56.6867
23.55 -53.3062 -56.5788
23.6 -53.1859 -56.4711
23.65 -53.0641 -56.3635
23.7 -52.9406 -56.2559
23.75 -52.8152 -56.1485
23.8 -52.6878 -56.0411
23.85 -52.5582 -55.9337
23.9 -52.4262 -55.8263
23.95 -52.2917 -55.7189
24 -52.1542 -55.6114
24.05 -52.0136 -55.5038
24.1 -51.8697 -55.3961
24.15 -51.722 -55.2883
24.2 -51.5703 -55.1802
24.25 -51.4141 -55.0719
24.3 -51.253 -54.9633
24.35 -51.0865 -54.8543
24.4 -50.9141 -54.745
24.45 -50.7351 -54.6353
24.5 -50.5489 -54.525
24.55 -50.3546 -54.4142
24.6 -50.1514 -54.3029
24.65 -49.9382 -54.1908
24.7 -49.7139 -54.078
24.75 -49.4771 -53.9644
24.8 -49.2262 -53.8498
24.85 -48.9594 -53.7343
24.9 -48.6745 -53.6177
24.95 -48.369 -53.4999
25 -48.04 -53.3808
25.05 -47.6838 -53.2603
25.1 -47.2962 -53.1383
25.15 -46.872 -53.0146
25.2 -46.4049 -52.889
25.25 -45.8871 -52.7615
25.3 -45.309 -52.6318
25.35 -44.6585 -52.4997
25.4 -43.9201 -52.3651
25.45 -43.0742 -52.2276
25.5 -42.0952 -52.0871
25.55 -40.9494 -51.9432
25.6 -39.5919 -51.7957
25.65 -37.962 -51.6441
25.7 -35.977 -51.4882
25.75 -33.5231 -51.3274
25.8 -30.4437 -51.1613
25.85 -26.5274 -50.9894
25.9 -21.5011 -50.8111
25.95 -15.0557 -50.6256
26 -6.95599 -50.4322
26.05 2.67655 -50.23
26.1 12.9556 -50.0179
26.15 22.1958 -49.795
26.2 28.8197 -49.5598
26.25 32.4202 -49.3107
26.3 33.6456 -49.046
26.35 33.3626 -48.7636
26.4 32.1902 -48.4611
26.45 30.4812 -48.1354
26.5 28.4286 -47.7833
26.55 26.1442 -47.4003
26.6 23.7004 -46.9817
26.65 21.1481 -46.5211
26.7 18.5258 -46.0112
26.75 15.8631 -45.4425
26.8 13.1833 -44.8032
26.85 10.5044 -44.0787
26.9 7.84003 -43.2498
26.95 5.2006 -42.2919
27 2.59356 -41.1726
27.05 0.0240295 -39.8487
27.1 -2.50474 -38.262
27.15 -4.99105 -36.333
27.2 -7.43447 -33.9526
27.25 -9.83569 -30.9701
27.3 -12.1964 -27.1809
27.35 -14.5193 -22.3175
27.4 -16.8082 -16.0678
27.45 -19.0681 -8.16844
27.5 -21.3056 1.33618
27.55 -23.529 11.6775
27.6 -25.7486 21.2252
27.65 -27.9772 28.2878
27.7 -30.2303 32.2759
27.75 -32.5262 33.7596
27.8 -34.8854 33.6296
27.85 -37.3307 32.5486
27.9 -39.885 30.8989
27.95 -42.5686 28.8877
28 -45.3937 26.6338
28.05 -48.3563 24.2124
28.1 -51.4256 21.6765
28.15 -54.5326 19.0657
28.2 -57.5663 16.4105
28.25 -60.3851 13.7348
28.3 -62.8496 11.0573
28.35 -64.8645 8.39217
28.4 -66.4061 5.75031
28.45 -67.5171 3.1395
28.5 -68.2781 0.565231
28.55 -68.7777 -1.96897
28.6 -69.0929 -4.46115
28.65 -69.2825 -6.91068
28.7 -69.3885 -9.31802
28.75 -69.4392 -11.6847
28.8 -69.4534 -14.0132
28.85 -69.4435 -16.307
28.9 -69.4173 -18.5709
28.95 -69.38 -20.8111
29 -69.335 -23.0354
29.05 -69.2846 -25.2538
29.1 -69.2301 -27.4785
29.15 -69.1724 -29.7243
29.2 -69.1124 -32.0089
29.25 -69.0503 -34.3525
29.3 -68.9864 -36.7774
29.35 -68.9211 -39.3068
29.4 -68.8543 -41.962
29.45 -68.7862 -44.7576
29.5 -68.7169 -47.6942
29.55 -68.6464 -50.7477
29.6 -68.5747 -53.8582
29.65 -68.5018 -56.9232
29.7 -68.4279 -59.8052
29.75 -68.3528 -62.3602
29.8 -68.2766 -64.4795
29.85 -68.1993 -66.1231
29.9 -68.1209 -67.3212
29.95 -68.0415 -68.1498
30 -67.961 -68.698
30.05 -67.8794 -69.0465
30.1 -67.7967 -69.2584
30.15 -67.713 -69.379
30.2 -67.6282 -69.4393
30.25 -67.5424 -69.4598
30.3 -67.4556 -69.454
30.35 -67.3677 -69.4306
30.4 -67.2788 -69.3953
30.45 -67.1889 -69.3518
30.5 -67.098 -69.3023
30.55 -67.0061 -69.2486
30.6 -66.9132 -69.1917
30.65 -66.8194 -69.1321
30.7 -66.7246 -69.0705
30.75 -66.6288 -69.0071
30.8 -66.5321 -68.9422
30.85 -66.4346 -68.8758
30.9 -66.3361 -68.8081
30.95 -66.2367 -68.7391
31 -66.1365 -68.6689
31.05 -66.0354 -68.5976
31.1 -65.9335 -68.5251
31.15 -65.8307 -68.4515
31.2 -65.7272 -68.3768
31.25 -65.6228 -68.3009
31.3 -65.5177 -68.224
31.35 -65.4119 -68.146
31.4 -65.3054 -68.0669
31.45 -65.1981 -67.9867
31.5 -65.0901 -67.9054
31.55 -64.9815 -67.8231
31.6 -64.8723 -67.7397
31.65 -64.7624 -67.6553
31.7 -64.652 -67.5698
31.75 -64.541 -67.4833
31.8 -64.4294 -67.3957
31.85 -64.3173 -67.3071
31.9 -64.2047 -67.2175
31.95 -64.0916 -67.127
32 -63.978 -67.0354
32.05 -63.864 -66.9428
32.1 -63.7496 -66.8493
32.15 -63.6349 -66.7548
32.2 -63.5197 -66.6593
32.25 -63.4042 -66.5629
32.3 -63.2884 -66.4656
32.35 -63.1724 -66.3674
32.4 -63.056 -66.2684
32.45 -62.9394 -66.1684
32.5 -62.8226 -66.0676
32.55 -62.7056 -65.9659
32.6 -62.5884 -65.8634
32.65 -62.4711 -65.7601
32.7 -62.3537 -65.656
32.75 -62.2361 -65.5512
32.8 -62.1185 -65.4456
32.85 -62.0008 -65.3393
32.9 -61.883 -65.2322
32.95 -61.7653 -65.1245
33 -61.6475 -65.0161
33.05 -61.5298 -64.907
33.1 -61.4121 -64.7974
33.15 -61.2945 -64.6871
33.2 -61.1769 -64.5762
33.25 -61.0595 -64.4648
33.3 -60.9422 -64.3529
33.35 -60.8249 -64.2404
33.4 -60.7079 -64.1275
33.45 -60.591 -64.0141
33.5 -60.4743 -63.9002
33.55 -60.3578 -63.786
33.6 -60.2414 -63.6713
33.65 -60.1253 -63.5563
33.7 -60.0095 -63.4409
33.75 -59.8938 -63.3252
33.8 -59.7785 -63.2092
33.85 -59.6633 -63.0929
33.9 -59.5485 -62.9764
33.95 -59.4339 -62.8597
34 -59.3196 -62.7427
34.05 -59.2056 -62.6256
34.1 -59.0919 -62.5083
34.15 -58.9785 -62.3909
34.2 -58.8654 -62.2734
34.25 -58.7526 -62.1557
34.3 -58.6401 -62.0381
34.35 -58.5279 -61.9203
34.4 -58.4161 -61.8026
34.45 -58.3045 -61.6848
34.5 -58.1932 -61.5671
34.55 -58.0823 -61.4493
34.6 -57.9716 -61.3317
34.65 -57.8613 -61.2141
34.7 -57.7512 -61.0966
34.75 -57.6414 -60.9792
34.8 -57.5319 -60.862
34.85 -57.4227 -60.7449
34.9 -57.3137 -60.6279
34.95 -57.2049 -60.5111
35 -57.0964 -60.3945
35.05 -56.9881 -60.2781
35.1 -56.8801 -60.162
35.15 -56.7722 -60.046
35.2 -56.6645 -59.9303
35.25 -56.5569 -59.8148
35.3 -56.4495 -59.6996
35.35 -56.3423 -59.5847
35.4 -56.2351 -59.47
35.45 -56.128 -59.3556
35.5 -56.0209 -59.2415
35.55 -55.9139 -59.1277
35.6 -55.8069 -59.0141
35.65 -55.6999 -58.9009
35.7 -55.5928 -58.788
35.75 -55.4857 -58.6754
35.8 -55.3784 -58.5631
35.85 -55.2709 -58.4511
35.9 -55.1633 -58.3395
35.95 -55.0554 -58.2281
36 -54.9473 -58.117
36.05 -54.8388 -58.0062
36.1 -54.73 -57.8958
36.15 -54.6208 -57.7856
36.2 -54.511 -57.6757
36.25 -54.4008 -57.5661
36.3 -54.29 -57.4567
36.35 -54.1785 -57.3476
36.4 -54.0663 -57.2388
36.45 -53.9532 -57.1302
36.5 -53.8393 -57.0218
36.55 -53.7245 -56.9136
36.6 -53.6086 -56.8056
36.65 -53.4915 -56.6978
36.7 -53.3731 -56.5902
36.75 -53.2534 -56.4827
36.8 -53.1322 -56.3754
36.85 -53.0093 -56.2681
36.9 -52.8847 -56.161
36.95 -52.7581 -56.0539
37 -52.6294 -55.9468
37.05 -52.4984 -55.8398
37.1 -52.3649 -55.7327
37.15 -52.2286 -55.6256
37.2 -52.0893 -55.5184
37.25 -51.9468 -55.4111
37.3 -51.8007 -55.3037
37.35 -51.6507 -55.1961
37.4 -51.4964 -55.0882
37.45 -51.3375 -54.9801
37.5 -51.1733 -54.8717
37.55 -51.0035 -54.7629
37.6 -50.8274 -54.6537
37.65 -50.6444 -54.5441
37.7 -50.4537 -54.434
37.75 -50.2545 -54.3232
37.8 -50.0457 -54.2119
37.85 -49.8264 -54.0998
37.9 -49.5952 -53.987
37.95 -49.3507 -53.8732
38 -49.091 -53.7586
38.05 -48.8143 -53.6429
38.1 -48.5183 -53.5261
38.15 -48.2 -53.408
38.2 -47.8562 -53.2886
38.25 -47.483 -53.1678
38.3 -47.0757 -53.0453
38.35 -46.6284 -52.9211
38.4 -46.134 -52.7949
38.45 -45.5839 -52.6667
38.5 -44.967 -52.5363
38.55 -44.2696 -52.4034
38.6 -43.474 -52.2678
38.65 -42.5574 -52.1293
38.7 -41.49 -51.9876
38.75 -40.2324 -51.8424
38.8 -38.7314 -51.6933
38.85 -36.9149 -51.5401
38.9 -34.684 -51.3823
38.95 -31.9024 -51.2195
39 -28.3838 -51.0511
39.05 -23.8816 -50.8767
39.1 -18.0946 -50.6954
39.15 -10.7311 -50.5067
39.2 -1.70659 -50.3097
39.25 8.47331 -50.1034
39.3 18.4173 -49.8868
39.35 26.3337 -49.6587
39.4 31.2294 -49.4177
39.45 33.3849 -49.162
39.5 33.6678 -48.8898
39.55 32.8281 -48.5988
39.6 31.3238 -48.2863
39.65 29.4055 -47.9493
39.7 27.2132 -47.584
39.75 24.8332 -47.1857
39.8 22.3243 -46.749
39.85 19.7296 -46.2673
39.9 17.0824 -45.7321
39.95 14.4084 -45.1332
40 11.7277 -44.4575
40.05 9.05603 -43.6886
40.1 6.40496 -42.8049
40.15 3.7832 -41.7788
40.2 1.19685 -40.5734
40.25 -1.35005 -39.1395
40.3 -3.85515 -37.4104
40.35 -6.31746 -35.2948
40.4 -8.73719 -32.6668
40.45 -11.1156 -29.3539
40.5 -13.4549 -25.1248
40.55 -15.7583 -19.6892
40.6 -18.0304 -12.7408
40.65 -20.2769 -4.11318
40.7 -22.5052 5.87758
40.75 -24.7248 16.0579
40.8 -26.9474 24.6309
40.85 -29.187 30.3033
40.9 -31.4607 33.0711
40.95 -33.788 33.7412
41 -36.1909 33.1289
41.05 -38.6925 31.7615
41.1 -41.3147 29.931
41.15 -44.0744 27.7981
41.2 -46.9763 25.4592
41.25 -50.0033 22.9785
41.3 -53.1051 20.4022
41.35 -56.1898 17.7658
41.4 -59.1268 15.0967
41.45 -61.7704 12.4163
41.5 -64.0002 9.74132
41.55 -65.7579 7.0843
41.6 -67.0583 4.45462
41.65 -67.9689 1.859
41.7 -68.5779 -0.698048
41.75 -68.9692 -3.21376
41.8 -69.2101 -5.68685
41.85 -69.3501 -8.11722
41.9 -69.4232 -10.5059
41.95 -69.4523 -12.8547
42 -69.4522 -15.1669
42.05 -69.4326 -17.4464
42.1 -69.3999 -19.6987
42.15 -69.3581 -21.9308
42.2 -69.3099 -24.1515
42.25 -69.2571 -26.372
42.3 -69.2009 -28.6056
42.35 -69.1419 -30.8687
42.4 -69.0807 -33.1802
42.45 -69.0176 -35.5614
42.5 -68.953 -38.0353
42.55 -68.8869 -40.6246
42.6 -68.8194 -43.3479
42.65 -68.7507 -46.2138
42.7 -68.6807 -49.2121
42.75 -68.6096 -52.3019
42.8 -68.5373 -55.4025
42.85 -68.4639 -58.3919
42.9 -68.3893 -61.1249
42.95 -68.3137 -63.4702
43 -68.2369 -65.3512
43.05 -68.1591 -66.7646
43.1 -68.0801 -67.7676
43.15 -68.0001 -68.4458
43.2 -67.9191 -68.8859
43.25 -67.8369 -69.1601
43.3 -67.7537 -69.3223
43.35 -67.6694 -69.41
43.4 -67.5841 -69.4487
43.45 -67.4978 -69.455
43.5 -67.4104 -69.4397
43.55 -67.322 -69.4099
43.6 -67.2326 -69.3701
43.65 -67.1422 -69.3234
43.7 -67.0507 -69.2717
43.75 -66.9583 -69.2162
43.8 -66.865 -69.1579
43.85 -66.7706 -69.0972
43.9 -66.6753 -69.0346
43.95 -66.5791 -68.9704
44 -66.482 -68.9046
44.05 -66.3839 -68.8375
44.1 -66.285 -68.7691
44.15 -66.1852 -68.6995
44.2 -66.0845 -68.6287
44.25 -65.983 -68.5567
44.3 -65.8806 -68.4835
44.35 -65.7774 -68.4093
44.4 -65.6735 -68.3339
44.45 -65.5688 -68.2575
44.5 -65.4633 -68.1799
44.55 -65.3571 -68.1013
44.6 -65.2502 -68.0216
44.65 -65.1425 -67.9408
44.7 -65.0343 -67.8589
44.75 -64.9253 -67.776
44.8 -64.8158 -67.692
44.85 -64.7056 -67.607
44.9 -64.5948 -67.5209
44.95 -64.4835 -67.4338
45 -64.3717 -67.3457
45.05 -64.2593 -67.2565
45.1 -64.1464 -67.1664
45.15 -64.0331 -67.0752
45.2 -63.9193 -66.9831
45.25 -63.8051 -66.8899
45.3 -63.6905 -66.7959
45.35 -63.5756 -66.7008
45.4 -63.4602 -66.6049
45.45 -63.3446 -66.508
45.5 -63.2286 -66.4101
45.55 -63.1124 -66.3114
45.6 -62.9959 -66.2119
45.65 -62.8792 -66.1114
45.7 -62.7623 -66.0101
45.75 -62.6452 -65.908
45.8 -62.528 -65.805
45.85 -62.4106 -65.7013
45.9 -62.2931 -65.5968
45.95 -62.1755 -65.4915
46 -62.0578 -65.3855
46.05 -61.9401 -65.2787
46.1 -61.8223 -65.1713
46.15 -61.7046 -65.0632
46.2 -61.5868 -64.9544
46.25 -61.4691 -64.845
46.3 -61.3514 -64.735
46.35 -61.2339 -64.6244
46.4 -61.1164 -64.5132
46.45 -60.999 -64.4015
46.5 -60.8817 -64.2893
46.55 -60.7646 -64.1766
46.6 -60.6476 -64.0633
46.65 -60.5308 -63.9497
46.7 -60.4142 -63.8356
46.75 -60.2977 -63.7211
46.8 -60.1815 -63.6062
46.85 -60.0655 -63.491
46.9 -59.9498 -63.3754
46.95 -59.8343 -63.2596
47 -59.719 -63.1434
47.05 -59.604 -63.027
47.1 -59.4893 -62.9104
47.15 -59.3749 -62.7935
47.2 -59.2608 -62.6765
47.25 -59.1469 -62.5592
47.3 -59.0333 -62.4419
47.35 -58.9201 -62.3244
47.4 -58.8071 -62.2068
47.45 -58.6945 -62.0892
47.5 -58.5822 -61.9715
47.55 -58.4701 -61.8537
47.6 -58.3584 -61.736
47.65 -58.247 -61.6182
47.7 -58.1359 -61.5005
47.75 -58.0251 -61.3828
47.8 -57.9146 -61.2652
47.85 -57.8044 -61.1477
47.9 -57.6944 -61.0302
47.95 -57.5848 -60.9129
48 -57.4754 -60.7958
48.05 -57.3663 -60.6787
48.1 -57.2574 -60.5619
48.15 -57.1488 -60.4452
48.2 -57.0404 -60.3287
48.25 -56.9322 -60.2125
48.3 -56.8242 -60.0964
48.35 -56.7164 -59.9806
48.4 -56.6088 -59.865
48.45 -56.5013 -59.7497
48.5 -56.394 -59.6347
48.55 -56.2868 -59.5199
48.6 -56.1796 -59.4054
48.65 -56.0726 -59.2911
48.7 -55.9655 -59.1772
48.75 -55.8585 -59.0636
48.8 -55.7515 -58.9502
48.85 -55.6444 -58.8372
48.9 -55.5373 -58.7245
48.95 -55.4301 -58.6121
49 -55.3227 -58.4999
49.05 -55.2151 -58.3881
49.1 -55.1074 -58.2766
49.15 -54.9994 -58.1655
49.2 -54.891 -58.0546
49.25 -54.7824 -57.944
49.3 -54.6733 -57.8337
49.35 -54.5638 -57.7237
49.4 -54.4538 -57.614
49.45 -54.3433 -57.5045
49.5 -54.2321 -57.3953
49.55 -54.1202 -57.2864
49.6 -54.0076 -57.1777
49.65 -53.8941 -57.0692
49.7 -53.7797 -56.961
49.75 -53.6642 -56.8529
49.8 -53.5477 -56.7451
49.85 -53.43 -56.6374
49.9 -53.3109 -56.5299
49.95 -53.1904 -56.4225
50 -53.0683 -56.3153
50.05 -52.9445 -56.2081
50.1 -52.8188 -56.101
50.15 -52.6911 -55.994
50.2 -52.5612 -55.8869
50.25 -52.4289 -55.7799
50.3 -52.2939 -55.6729
50.35 -52.1561 -55.5658
50.4 -52.0151 -55.4585
50.45 -51.8707 -55.3512
50.5 -51.7226 -55.2437
50.55 -51.5703 -55.136
50.6 -51.4136 -55.028
50.65 -51.2519 -54.9198
50.7 -51.0848 -54.8112
50.75 -50.9118 -54.7023
50.8 -50.7321 -54.5929
50.85 -50.545 -54.483
50.9 -50.3499 -54.3726
50.95 -50.1458 -54.2616
51 -49.9315 -54.1499
51.05 -49.7061 -54.0375
51.1 -49.468 -53.9242
51.15 -49.2156 -53.8101
51.2 -48.9472 -53.6949
51.25 -48.6605 -53.5787
51.3 -48.353 -53.4612
51.35 -48.0216 -53.3425
51.4 -47.6627 -53.2224
51.45 -47.272 -53.1007
51.5 -46.8442 -52.9774
51.55 -46.3729 -52.8522
51.6 -45.8501 -52.7251
51.65 -45.266 -52.5957
51.7 -44.6082 -52.4641
51.75 -43.8611 -52.3298
51.8 -43.0044 -52.1927
51.85 -42.0119 -52.0526
51.9 -40.849 -51.9091
51.95 -39.4696 -51.762
52 -37.8113 -51.6109
52.05 -35.7888 -51.4553
52.1 -33.2848 -51.295
52.15 -30.1381 -51.1294
52.2 -26.131 -50.9579
52.25 -20.9847 -50.78
52.3 -14.3889 -50.595
52.35 -6.12476 -50.402
52.4 3.63346 -50.2003
52.45 13.9125 -49.9888
52.5 22.9788 -49.7664
52.55 29.3249 -49.5317
52.6 32.6685 -49.2833
52.65 33.7175 -49.0192
52.7 33.3291 -48.7375
52.75 32.0948 -48.4357
52.8 30.3479 -48.1109
52.85 28.2707 -47.7596
52.9 25.9701 -47.3776
52.95 23.5155 -46.9601
53 20.9563 -46.5008
53.05 18.3302 -45.9923
53.1 15.6659 -45.4253
53.15 12.9863 -44.7881
53.2 10.3088 -44.066
53.25 7.64683 -43.2401
53.3 5.01048 -42.286
53.35 2.40695 -41.1715
53.4 -0.1588 -39.8539
53.45 -2.68366 -38.2755
53.5 -5.16604 -36.3578
53.55 -7.60561 -33.993
53.6 -10.0031 -31.0325
53.65 -12.3604 -27.2743
53.7 -14.6802 -22.4549
53.75 -16.9663 -16.2655
53.8 -19.224 -8.44275
53.85 -21.4597 0.981612
53.9 -23.6821 11.2717
53.95 -25.9017 20.8334
54 -28.1313 27.9729
54.05 -30.3867 32.0562
54.1 -32.6862 33.6149
54.15 -35.0508 33.5318
54.2 -37.5031 32.4774
54.25 -40.0661 30.8422
54.3 -42.7598 28.8388
54.35 -45.5954 26.5887
54.4 -48.5677 24.1689
54.45 -51.6432 21.633
54.5 -54.7502 19.0213
54.55 -57.7747 16.3646
54.6 -60.5738 13.6871
54.65 -63.0098 11.0076
54.7 -64.9918 8.34052
54.75 -66.5012 5.6967
54.8 -67.5844 3.08406
54.85 -68.324 0.508091
54.9 -68.808 -2.02764
54.95 -69.1123 -4.52118
55 -69.2946 -6.97189
55.05 -69.3957 -9.38027
55.1 -69.4432 -11.7478
55.15 -69.4553 -14.077
55.2 -69.4439 -16.3715
55.25 -69.4167 -18.636
55.3 -69.3788 -20.8768
55.35 -69.3334 -23.1017
55.4 -69.2826 -25.3208
55.45 -69.2278 -27.5465
55.5 -69.17 -29.7934
55.55 -69.1098 -32.0795
55.6 -69.0476 -34.4249
55.65 -68.9837 -36.852
55.7 -68.9182 -39.384
55.75 -68.8514 -42.0419
55.8 -68.7833 -44.8401
55.85 -68.7139 -47.7785
55.9 -68.6433 -50.8323
55.95 -68.5715 -53.9405
56 -68.4986 -56.9996
56.05 -68.4246 -59.872
56.1 -68.3495 -62.4143
56.15 -68.2733 -64.5199
56.2 -68.1959 -66.1506
56.25 -68.1175 -67.3381
56.3 -68.038 -68.1588
56.35 -67.9575 -68.7016
56.4 -67.8758 -69.0466
56.45 -67.7931 -69.2562
56.5 -67.7093 -69.3754
56.55 -67.6245 -69.4349
56.6 -67.5387 -69.4548
56.65 -67.4518 -69.4487
56.7 -67.3639 -69.4251
56.75 -67.2749 -69.3896
56.8 -67.185 -69.3459
56.85 -67.094 -69.2963
56.9 -67.0021 -69.2425
56.95 -66.9092 -69.1854
57 -66.8153 -69.1258
57.05 -66.7204 -69.0641
57.1 -66.6246 -69.0006
57.15 -66.5279 -68.9356
57.2 -66.4303 -68.8691
57.25 -66.3318 -68.8013
57.3 -66.2324 -68.7322
57.35 -66.1321 -68.6619
57.4 -66.031 -68.5905
57.45 -65.929 -68.5179
57.5 -65.8262 -68.4441
57.55 -65.7226 -68.3693
57.6 -65.6183 -68.2934
57.65 -65.5132 -68.2163
57.7 -65.4073 -68.1382
57.75 -65.3007 -68.059
57.8 -65.1934 -67.9787
57.85 -65.0854 -67.8973
57.9 -64.9768 -67.8149
57.95 -64.8675 -67.7314
58 -64.7577 -67.6469
58.05 -64.6472 -67.5613
58.1 -64.5361 -67.4747
58.15 -64.4245 -67.387
58.2 -64.3124 -67.2983
58.25 -64.1998 -67.2086
58.3 -64.0866 -67.118
58.35 -63.9731 -67.0263
58.4 -63.8591 -66.9336
58.45 -63.7447 -66.84
58.5 -63.6299 -66.7454
58.55 -63.5147 -66.6498
58.6 -63.3992 -66.5534
58.65 -63.2834 -66.456
58.7 -63.1673 -66.3577
58.75 -63.051 -66.2585
58.8 -62.9344 -66.1585
58.85 -62.8175 -66.0576
58.9 -62.7005 -65.9558
58.95 -62.5833 -65.8533
59 -62.466 -65.7499
59.05 -62.3485 -65.6457
59.1 -62.231 -65.5408
59.15 -62.1133 -65.4351
59.2 -61.9956 -65.3287
59.25 -61.8779 -65.2216
59.3 -61.7601 -65.1138
59.35 -61.6424 -65.0054
59.4 -61.5247 -64.8963
59.45 -61.407 -64.7865
59.5 -61.2893 -64.6762
59.55 -61.1718 -64.5653
59.6 -61.0544 -64.4538
59.65 -60.937 -64.3418
59.7 -60.8198 -64.2293
59.75 -60.7028 -64.1163
59.8 -60.5859 -64.0029
59.85 -60.4692 -63.889
59.9 -60.3527 -63.7747
59.95 -60.2363 -63.66
60 -60.1203 -63.5449
60.05 -60.0044 -63.4295
60.1 -59.8888 -63.3138
60.15 -59.7734 -63.1978
60.2 -59.6583 -63.0815
60.25 -59.5434 -62.9649
60.3 -59.4289 -62.8482
60.35 -59.3146 -62.7312
60.4 -59.2006 -62.6141
60.45 -59.0869 -62.4968
60.5 -58.9735 -62.3794
60.55 -58.8604 -62.2618
60.6 -58.7476 -62.1442
60.65 -58.6351 -62.0265
60.7 -58.523 -61.9088
60.75 -58.4111 -61.791
60.8 -58.2995 -61.6733
60.85 -58.1883 -61.5555
60.9 -58.0774 -61.4378
60.95 -57.9667 -61.3202
61 -57.8563 -61.2026
61.05 -57.7463 -61.0851
61.1 -57.6365 -60.9678
61.15 -57.527 -60.8505
61.2 -57.4178 -60.7334
61.25 -57.3088 -60.6165
61.3 -57.2 -60.4998
61.35 -57.0915 -60.3832
61.4 -56.9832 -60.2668
61.45 -56.8752 -60.1507
61.5 -56.7673 -60.0347
61.55 -56.6596 -59.9191
61.6 -56.552 -59.8036
61.65 -56.4446 -59.6884
61.7 -56.3374 -59.5735
61.75 -56.2302 -59.4589
61.8 -56.1231 -59.3445
61.85 -56.016 -59.2305
61.9 -55.909 -59.1167
61.95 -55.802 -59.0032
62 -55.6949 -58.89
62.05 -55.5878 -58.7772
62.1 -55.4807 -58.6646
62.15 -55.3733 -58.5523
62.2 -55.2659 -58.4404
62.25 -55.1582 -58.3288
62.3 -55.0503 -58.2174
62.35 -54.9422 -58.1064
62.4 -54.8337 -57.9957
62.45 -54.7248 -57.8853
62.5 -54.6155 -57.7751
62.55 -54.5058 -57.6653
62.6 -54.3955 -57.5557
62.65 -54.2846 -57.4464
62.7 -54.173 -57.3373
62.75 -54.0608 -57.2285
62.8 -53.9477 -57.12
62.85 -53.8337 -57.0116
62.9 -53.7188 -56.9035
62.95 -53.6028 -56.7956
63 -53.4856 -56.6878
63.05 -53.3672 -56.5802
63.1 -53.2474 -56.4728
63.15 -53.1261 -56.3655
63.2 -53.0031 -56.2583
63.25 -52.8783 -56.1511
63.3 -52.7516 -56.0441
63.35 -52.6227 -55.9371
63.4 -52.4916 -55.83
63.45 -52.3579 -55.723
63.5 -52.2214 -55.6159
63.55 -52.082 -55.5088
63.6 -51.9392 -55.4015
63.65 -51.7929 -55.2941
63.7 -51.6426 -55.1865
63.75 -51.488 -55.0786
63.8 -51.3288 -54.9705
63.85 -51.1643 -54.8621
63.9 -50.9941 -54.7534
63.95 -50.8176 -54.6442
64 -50.6341 -54.5346
64.05 -50.4429 -54.4244
64.1 -50.2431 -54.3137
64.15 -50.0338 -54.2024
64.2 -49.8137 -54.0903
64.25 -49.5818 -53.9774
64.3 -49.3363 -53.8637
64.35 -49.0757 -53.749
64.4 -48.7979 -53.6333
64.45 -48.5005 -53.5165
64.5 -48.1808 -53.3984
64.55 -47.8354 -53.2789
64.6 -47.4602 -53.158
64.65 -47.0506 -53.0355
64.7 -46.6006 -52.9112
64.75 -46.1032 -52.785
64.8 -45.5493 -52.6567
64.85 -44.9279 -52.5262
64.9 -44.225 -52.3931
64.95 -43.4227 -52.2574
65 -42.4979 -52.1188
65.05 -41.4201 -51.9769
65.1 -40.1493 -51.8316
65.15 -38.6313 -51.6824
65.2 -36.7925 -51.529
65.25 -34.5322 -51.371
65.3 -31.7114 -51.2079
65.35 -28.1403 -51.0392
65.4 -23.5681 -50.8644
65.45 -17.6918 -50.6829
65.5 -10.2245 -50.4938
65.55 -1.10507 -50.2963
65.6 9.11061 -50.0896
65.65 18.9813 -49.8725
65.7 26.7281 -49.6437
65.75 31.437 -49.402
65.8 33.4512 -49.1455
65.85 33.6465 -48.8724
65.9 32.7554 -48.5804
65.95 31.22 -48.2668
66 29.2816 -47.9285
66.05 27.0758 -47.5616
66.1 24.6865 -47.1615
66.15 22.1713 -46.7227
66.2 19.5726 -46.2384
66.25 16.9231 -45.7003
66.3 14.2483 -45.0978
66.35 11.5678 -44.4178
66.4 8.89713 -43.6435
66.45 6.24768 -42.7533
66.5 3.62796 -41.719
66.55 1.04395 -40.5033
66.6 -1.50043 -39.0562
66.65 -4.00291 -37.3098
66.7 -6.4626 -35.1716
66.75 -8.87976 -32.5135
66.8 -11.2557 -29.1603
66.85 -13.5927 -24.8778
66.9 -15.8941 -19.3734
66.95 -18.1644 -12.3432
67 -20.4096 -3.63545
67.05 -22.6371 6.39736
67.1 -24.8565 16.5369
67.15 -27.0796 24.9818
67.2 -29.3207 30.4961
67.25 -31.597 33.1362
67.3 -33.9282 33.7248
67.35 -36.3363 33.0644
67.4 -38.8445 31.6682
67.45 -41.4746 29.8192
67.5 -44.2428 27.6738
67.55 -47.1529 25.3261
67.6 -50.1862 22.8393
67.65 -53.2901 20.2589
67.7 -56.37 17.62
67.75 -59.2937 14.9497
67.8 -61.9157 12.2691
67.85 -64.1184 9.59457
67.9 -65.8479 6.93863
67.95 -67.1228 4.31046
68 -68.013 1.71664
68.05 -68.6068 -0.838393
68.1 -68.9874 -3.35198
68.15 -69.2211 -5.82288
68.2 -69.3562 -8.25109
68.25 -69.4262 -10.6376
68.3 -69.4531 -12.9845
68.35 -69.4516 -15.2949
68.4 -69.4311 -17.5728
68.45 -69.3978 -19.8239
68.5 -69.3556 -22.0552
68.55 -69.3071 -24.2757
68.6 -69.254 -26.4965
68.65 -69.1976 -28.7314
68.7 -69.1384 -30.9967
68.75 -69.0771 -33.3115
68.8 -69.014 -35.6972
68.85 -68.9492 -38.177
68.9 -68.883 -40.7732
68.95 -68.8155 -43.5043
69 -68.7467 -46.3779
69.05 -68.6767 -49.3825
69.1 -68.6055 -52.4753
69.15 -68.5331 -55.573
69.2 -68.4596 -58.5517
69.25 -68.385 -61.266
69.3 -68.3093 -63.5867
69.35 -68.2325 -65.441
69.4 -68.1546 -66.8297
69.45 -68.0756 -67.8122
69.5 -67.9955 -68.4751
69.55 -67.9144 -68.9043
69.6 -67.8322 -69.1711
69.65 -67.7489 -69.3283
69.7 -67.6646 -69.4128
69.75 -67.5792 -69.4493
69.8 -67.4928 -69.4542
69.85 -67.4054 -69.4379
69.9 -67.3169 -69.4075
69.95 -67.2274 -69.3673
70 -67.137 -69.3203
70.05 -67.0455 -69.2683
70.1 -66.953 -69.2126
70.15 -66.8596 -69.1542
70.2 -66.7652 -69.0934
70.25 -66.6699 -69.0307
70.3 -66.5736 -68.9663
70.35 -66.4764 -68.9005
70.4 -66.3783 -68.8333
70.45 -66.2793 -68.7648
70.5 -66.1794 -68.6951
70.55 -66.0787 -68.6242
70.6 -65.9771 -68.5522
70.65 -65.8747 -68.479
70.7 -65.7715 -68.4047
70.75 -65.6675 -68.3292
70.8 -65.5628 -68.2527
70.85 -65.4572 -68.1751
70.9 -65.351 -68.0964
70.95 -65.244 -68.0166
71 -65.1364 -67.9357
71.05 -65.0281 -67.8538
71.1 -64.9191 -67.7708
71.15 -64.8095 -67.6868
71.2 -64.6993 -67.6017
71.25 -64.5885 -67.5155
71.3 -64.4771 -67.4284
71.35 -64.3652 -67.3402
71.4 -64.2529 -67.251
71.45 -64.14 -67.1607
71.5 -64.0266 -67.0695
71.55 -63.9128 -66.9773
71.6 -63.7986 -66.8842
71.65 -63.684 -66.79
71.7 -63.569 -66.6949
71.75 -63.4536 -66.5989
71.8 -63.338 -66.5019
71.85 -63.222 -66.4041
71.9 -63.1058 -66.3053
71.95 -62.9893 -66.2057
72 -62.8726 -66.1052
72.05 -62.7556 -66.0038
72.1 -62.6385 -65.9016
72.15 -62.5213 -65.7986
72.2 -62.4039 -65.6948
72.25 -62.2864 -65.5903
72.3 -62.1687 -65.4849
72.35 -62.0511 -65.3789
72.4 -61.9333 -65.2721
72.45 -61.8156 -65.1646
72.5 -61.6978 -65.0565
72.55 -61.5801 -64.9477
72.6 -61.4624 -64.8382
72.65 -61.3447 -64.7282
72.7 -61.2271 -64.6175
72.75 -61.1096 -64.5063
72.8 -60.9923 -64.3946
72.85 -60.875 -64.2823
72.9 -60.7579 -64.1696
72.95 -60.6409 -64.0563
73 -60.5241 -63.9426
73.05 -60.4075 -63.8285
73.1 -60.2911 -63.714
73.15 -60.1749 -63.5991
73.2 -60.0589 -63.4839
73.25 -59.9432 -63.3683
73.3 -59.8277 -63.2524
73.35 -59.7125 -63.1362
73.4 -59.5975 -63.0198
73.45 -59.4828 -62.9031
73.5 -59.3684 -62.7863
73.55 -59.2542 -62.6692
73.6 -59.1404 -62.552
73.65 -59.0269 -62.4346
73.7 -58.9136 -62.3171
73.75 -58.8007 -62.1995
73.8 -58.6881 -62.0819
73.85 -58.5757 -61.9642
73.9 -58.4637 -61.8464
73.95 -58.352 -61.7287
74 -58.2406 -61.6109
74.05 -58.1296 -61.4932
74.1 -58.0188 -61.3755
74.15 -57.9083 -61.2579
74.2 -57.7981 -61.1404
74.25 -57.6882 -61.023
74.3 -57.5785 -60.9057
74.35 -57.4692 -60.7885
74.4 -57.3601 -60.6715
74.45 -57.2512 -60.5547
74.5 -57.1426 -60.438
74.55 -57.0342 -60.3215
74.6 -56.926 -60.2053
74.65 -56.8181 -60.0893
74.7 -56.7103 -59.9735
74.75 -56.6027 -59.8579
74.8 -56.4952 -59.7426
74.85 -56.3879 -59.6276
74.9 -56.2806 -59.5128
74.95 -56.1735 -59.3983
75 -56.0664 -59.2841
75.05 -55.9594 -59.1702
75.1 -55.8524 -59.0566
75.15 -55.7453 -58.9432
75.2 -55.6383 -58.8302
75.25 -55.5311 -58.7175
75.3 -55.4239 -58.6051
75.35 -55.3165 -58.493
75.4 -55.2089 -58.3813
75.45 -55.1012 -58.2698
75.5 -54.9931 -58.1586
75.55 -54.8848 -58.0477
75.6 -54.7761 -57.9372
75.65 -54.667 -57.8269
75.7 -54.5575 -57.7169
75.75 -54.4475 -57.6072
75.8 -54.3369 -57.4978
75.85 -54.2257 -57.3886
75.9 -54.1137 -57.2797
75.95 -54.001 -57.171
76 -53.8875 -57.0626
76.05 -53.773 -56.9543
76.1 -53.6576 -56.8463
76.15 -53.5409 -56.7385
76.2 -53.4231 -56.6308
76.25 -53.304 -56.5233
76.3 -53.1834 -56.4159
76.35 -53.0612 -56.3087
76.4 -52.9373 -56.2015
76.45 -52.8115 -56.0944
76.5 -52.6837 -55.9874
76.55 -52.5536 -55.8804
76.6 -52.4211 -55.7734
76.65 -52.286 -55.6663
76.7 -52.148 -55.5592
76.75 -52.0068 -55.452
76.8 -51.8622 -55.3446
76.85 -51.7139 -55.2371
76.9 -51.5614 -55.1294
76.95 -51.4044 -55.0215
77 -51.2424 -54.9132
77.05 -51.075 -54.8046
77.1 -50.9015 -54.6956
77.15 -50.7214 -54.5862
77.2 -50.5339 -54.4763
77.25 -50.3383 -54.3659
77.3 -50.1336 -54.2548
77.35 -49.9187 -54.1431
77.4 -49.6926 -54.0306
77.45 -49.4537 -53.9173
77.5 -49.2004 -53.8031
77.55 -48.931 -53.6879
77.6 -48.6431 -53.5716
77.65 -48.3343 -53.4541
77.7 -48.0014 -53.3353
77.75 -47.6408 -53.2151
77.8 -47.2481 -53.0933
77.85 -46.8179 -52.9699
77.9 -46.3438 -52.8446
77.95 -45.8177 -52.7173
78 -45.2296 -52.5879
78.05 -44.5671 -52.4561
78.1 -43.8141 -52.3217
78.15 -42.9503 -52.1844
78.2 -41.9488 -52.0441
78.25 -40.7747 -51.9004
78.3 -39.3808 -51.7531
78.35 -37.7038 -51.6017
78.4 -35.6566 -51.4459
78.45 -33.1199 -51.2853
78.5 -29.9294 -51.1194
78.55 -25.8636 -50.9475
78.6 -20.6408 -50.7692
78.65 -13.9511 -50.5838
78.7 -5.58848 -50.3903
78.75 4.23659 -50.1881
78.8 14.4967 -49.976
78.85 23.436 -49.7529
78.9 29.6005 -49.5175
78.95 32.7847 -49.2682
79 33.7275 -49.0032
79.05 33.2761 -48.7204
79.1 32.0044 -48.4174
79.15 30.2342 -48.0911
79.2 28.1414 -47.7381
79.25 25.8301 -47.3543
79.3 23.3681 -46.9345
79.35 20.8042 -46.4726
79.4 18.175 -45.961
79.45 15.5093 -45.3902
79.5 12.8294 -44.7486
79.55 10.1524 -44.0211
79.6 7.49175 -43.1885
79.65 4.85714 -42.2261
79.7 2.25572 -41.1011
79.75 -0.307699 -39.7702
79.8 -2.83009 -38.1745
79.85 -5.30996 -36.2343
79.9 -7.74704 -33.8396
79.95 -10.1422 -30.8391
80 -12.4971 -27.0274
80.05 -14.8148 -22.1375
80.1 -17.0991 -15.8598
80.15 -19.3553 -7.93916
80.2 -21.59 1.5637
80.25 -23.8119 11.8613
80.3 -26.0317 21.3233
80.35 -28.2624 28.2899
80.4 -30.5198 32.2054
80.45 -32.8225 33.6459
80.5 -35.1916 33.4916
80.55 -37.6498 32.3953
80.6 -40.22 30.7342
80.65 -42.9217 28.7138
80.7 -45.7657 26.4521
80.75 -48.7452 24.0242
80.8 -51.825 21.483
80.85 -54.9307 18.8679
80.9 -57.9461 16.2094
80.95 -60.7275 13.5313
81 -63.1388 10.8521
81.05 -65.093 8.18612
81.1 -66.5756 5.5439
81.15 -67.6363 2.93324
81.2 -68.3585 0.359511
81.25 -68.8301 -2.17383
81.3 -69.1259 -4.6649
81.35 -69.3025 -7.11314
81.4 -69.3998 -9.51911
81.45 -69.4447 -11.8844
81.5 -69.4552 -14.2115
81.55 -69.4427 -16.5041
81.6 -69.4148 -18.767
81.65 -69.3763 -21.0066
81.7 -69.3306 -23.2309
81.75 -69.2795 -25.4501
81.8 -69.2245 -27.6765
81.85 -69.1666 -29.9253
81.9 -69.1063 -32.2142
81.95 -69.0439 -34.5637
82 -68.9799 -36.9963
82.05 -68.9144 -39.5351
82.1 -68.8475 -42.2009
82.15 -68.7792 -45.0074
82.2 -68.7098 -47.9535
82.25 -68.6391 -51.0125
82.3 -68.5673 -54.121
82.35 -68.4944 -57.1732
82.4 -68.4203 -60.0302
82.45 -68.3451 -62.5494
82.5 -68.2688 -64.6277
82.55 -68.1914 -66.2311
82.6 -68.1129 -67.395
82.65 -68.0334 -68.1971
82.7 -67.9527 -68.7264
82.75 -67.871 -69.062
82.8 -67.7883 -69.2653
82.85 -67.7044 -69.3803
82.9 -67.6196 -69.4369
82.95 -67.5336 -69.4551
83 -67.4467 -69.4477
83.05 -67.3587 -69.4233
83.1 -67.2697 -69.3872
83.15 -67.1797 -69.3431
83.2 -67.0887 -69.2933
83.25 -66.9967 -69.2392
83.3 -66.9037 -69.182
83.35 -66.8098 -69.1223
83.4 -66.7149 -69.0604
83.45 -66.619 -68.9968
83.5 -66.5223 -68.9317
83.55 -66.4246 -68.8651
83.6 -66.326 -68.7972
83.65 -66.2266 -68.7281
83.7 -66.1262 -68.6577
83.75 -66.0251 -68.5862
83.8 -65.923 -68.5136
83.85 -65.8202 -68.4398
83.9 -65.7166 -68.3649
83.95 -65.6122 -68.2889
84 -65.507 -68.2118
84.05 -65.4011 -68.1336
84.1 -65.2945 -68.0543
84.15 -65.1871 -67.9739
84.2 -65.0791 -67.8925
84.25 -64.9705 -67.81
84.3 -64.8612 -67.7265
84.35 -64.7512 -67.6419
84.4 -64.6407 -67.5562
84.45 -64.5296 -67.4695
84.5 -64.418 -67.3818
84.55 -64.3058 -67.2931
84.6 -64.1932 -67.2033
84.65 -64.08 -67.1126
84.7 -63.9664 -67.0209
84.75 -63.8524 -66.9281
84.8 -63.738 -66.8344
84.85 -63.6232 -66.7398
84.9 -63.508 -66.6442
84.95 -63.3925 -66.5477
85 -63.2766 -66.4502
85.05 -63.1605 -66.3519
85.1 -63.0442 -66.2527
85.15 -62.9275 -66.1526
85.2 -62.8107 -66.0516
85.25 -62.6937 -65.9498
85.3 -62.5765 -65.8472
85.35 -62.4592 -65.7438
85.4 -62.3417 -65.6396
85.45 -62.2241 -65.5346
85.5 -62.1065 -65.4289
85.55 -61.9888 -65.3225
85.6 -61.871 -65.2153
85.65 -61.7533 -65.1075
85.7 -61.6355 -64.999
85.75 -61.5178 -64.8898
85.8 -61.4001 -64.7801
85.85 -61.2825 -64.6697
85.9 -61.165 -64.5588
85.95 -61.0475 -64.4473
86 -60.9302 -64.3352
86.05 -60.813 -64.2227
86.1 -60.696 -64.1097
86.15 -60.5791 -63.9962
86.2 -60.4624 -63.8823
86.25 -60.3459 -63.768
86.3 -60.2296 -63.6532
86.35 -60.1135 -63.5382
86.4 -59.9976 -63.4227
86.45 -59.882 -63.307
86.5 -59.7667 -63.191
86.55 -59.6516 -63.0747
86.6 -59.5367 -62.9581
86.65 -59.4222 -62.8413
86.7 -59.3079 -62.7243
86.75 -59.194 -62.6072
86.8 -59.0803 -62.4899
86.85 -58.9669 -62.3725
86.9 -58.8538 -62.2549
86.95 -58.7411 -62.1373
87 -58.6286 -62.0196
87.05 -58.5164 -61.9019
87.1 -58.4046 -61.7841
87.15 -58.2931 -61.6664
87.2 -58.1818 -61.5486
87.25 -58.0709 -61.4309
87.3 -57.9603 -61.3133
87.35 -57.8499 -61.1957
87.4 -57.7399 -61.0782
87.45 -57.6301 -60.9609
87.5 -57.5206 -60.8437
87.55 -57.4114 -60.7266
87.6 -57.3024 -60.6097
87.65 -57.1937 -60.4929
87.7 -57.0852 -60.3764
87.75 -56.9769 -60.26
87.8 -56.8689 -60.1439
87.85 -56.761 -60.0279
87.9 -56.6533 -59.9123
87.95 -56.5458 -59.7968
88 -56.4384 -59.6817
88.05 -56.3311 -59.5668
88.1 -56.2239 -59.4522
88.15 -56.1168 -59.3378
88.2 -56.0098 -59.2238
88.25 -55.9028 -59.11
88.3 -55.7957 -58.9966
88.35 -55.6887 -58.8834
88.4 -55.5816 -58.7705
88.45 -55.4744 -58.658
88.5 -55.3671 -58.5458
88.55 -55.2596 -58.4338
88.6 -55.1519 -58.3222
88.65 -55.044 -58.2109
88.7 -54.9358 -58.0999
88.75 -54.8273 -57.9892
88.8 -54.7184 -57.8788
88.85 -54.6091 -57.7687
88.9 -54.4994 -57.6588
88.95 -54.389 -57.5493
89 -54.2781 -57.44
89.05 -54.1665 -57.3309
89.1 -54.0542 -57.2221
89.15 -53.9411 -57.1136
89.2 -53.8271 -57.0053
89.25 -53.7121 -56.8971
89.3 -53.596 -56.7892
89.35 -53.4788 -56.6815
89.4 -53.3602 -56.5739
89.45 -53.2403 -56.4665
89.5 -53.1189 -56.3592
89.55 -52.9958 -56.252
89.6 -52.871 -56.1449
89.65 -52.7441 -56.0378
89.7 -52.6151 -55.9308
89.75 -52.4838 -55.8238
89.8 -52.35 -55.7167
89.85 -52.2134 -55.6096
89.9 -52.0737 -55.5025
89.95 -51.9308 -55.3952
90 -51.7842 -55.2878
90.05 -51.6337 -55.1802
90.1 -51.4789 -55.0723
90.15 -51.3193 -54.9642
90.2 -51.1545 -54.8558
90.25 -50.984 -54.747
90.3 -50.8071 -54.6378
90.35 -50.6231 -54.5281
90.4 -50.4315 -54.418
90.45 -50.2312 -54.3072
90.5 -50.0212 -54.1958
90.55 -49.8005 -54.0837
90.6 -49.5678 -53.9708
90.65 -49.3215 -53.857
90.7 -49.06 -53.7423
90.75 -48.7811 -53.6265
90.8 -48.4825 -53.5096
90.85 -48.1614 -53.3914
90.9 -47.8143 -53.2719
90.95 -47.4373 -53.1509
91 -47.0255 -53.0282
91.05 -46.573 -52.9038
91.1 -46.0724 -52.7775
91.15 -45.5149 -52.6491
91.2 -44.8892 -52.5184
91.25 -44.1811 -52.3853
91.3 -43.3723 -52.2494
91.35 -42.4394 -52.1106
91.4 -41.3516 -51.9685
91.45 -40.068 -51.8229
91.5 -38.5335 -51.6735
91.55 -36.6732 -51.5199
91.6 -34.3844 -51.3616
91.65 -31.5255 -51.1982
91.7 -27.9034 -51.0292
91.75 -23.2637 -50.854
91.8 -17.3015 -50.672
91.85 -9.73538 -50.4824
91.9 -0.528403 -50.2845
91.95 9.71483 -50.0772
92 19.5076 -49.8594
92.05 27.0888 -49.63
92.1 31.6211 -49.3874
92.15 33.5042 -49.1301
92.2 33.6187 -48.8559
92.25 32.6803 -48.5627
92.3 31.1162 -48.2478
92.35 29.1591 -47.9079
92.4 26.9406 -47.5391
92.45 24.5425 -47.137
92.5 22.0214 -46.6957
92.55 19.4189 -46.2086
92.6 16.7673 -45.667
92.65 14.0916 -45.0604
92.7 11.4114 -44.3754
92.75 8.74165 -43.595
92.8 6.09373 -42.6972
92.85 3.47596 -41.6535
92.9 0.894166 -40.4257
92.95 -1.64781 -38.9632
93 -4.14781 -37.1969
93.05 -6.60499 -35.0321
93.1 -9.01969 -32.3388
93.15 -11.3933 -28.9385
93.2 -13.7281 -24.5932
93.25 -16.0275 -19.0077
93.3 -18.2962 -11.8809
93.35 -20.5401 -3.07903
93.4 -22.7669 7.00249
93.45 -24.9861 17.0934
93.5 -27.2099 25.3896
93.55 -29.4526 30.7228
93.6 -31.7315 33.2179
93.65 -34.0666 33.7141
93.7 -36.4799 32.9995
93.75 -38.9946 31.5707
93.8 -41.6324 29.7009
93.85 -44.4089 27.5415
93.9 -47.3271 25.1842
93.95 -50.3663 22.6908
94 -53.4718 20.1061
94.05 -56.5465 17.4647
94.1 -59.4566 14.7933
94.15 -62.0568 12.1126
94.2 -64.2326 9.43887
94.25 -65.9344 6.78432
94.3 -67.1846 4.15799
94.35 -68.0549 1.56634
94.4 -68.6342 -0.986334
94.45 -69.0045 -3.49745
94.5 -69.2313 -5.96585
94.55 -69.3619 -8.39159
94.6 -69.4288 -10.7757
94.65 -69.4537 -13.1204
94.7 -69.4509 -15.4287
94.75 -69.4295 -17.705
94.8 -69.3955 -19.9547
94.85 -69.3529 -22.1851
94.9 -69.3041 -24.4052
94.95 -69.2508 -26.6265
95 -69.1942 -28.8627
95.05 -69.1349 -31.1303
95.1 -69.0735 -33.4486
95.15 -69.0103 -35.8393
95.2 -68.9454 -38.3252
95.25 -68.8791 -40.9289
95.3 -68.8115 -43.6682
95.35 -68.7426 -46.5501
95.4 -68.6725 -49.5613
95.45 -68.6013 -52.6571
95.5 -68.5289 -55.7516
95.55 -68.4553 -58.7189
95.6 -68.3806 -61.4134
95.65 -68.3048 -63.7081
95.7 -68.228 -65.5345
95.75 -68.15 -66.8975
95.8 -68.071 -67.8588
95.85 -67.9908 -68.5058
95.9 -67.9096 -68.9238
95.95 -67.8274 -69.1829
96 -67.744 -69.3349
96.05 -67.6596 -69.416
96.1 -67.5742 -69.4503
96.15 -67.4877 -69.4537
96.2 -67.4002 -69.4365
96.25 -67.3117 -69.4054
96.3 -67.2222 -69.3647
96.35 -67.1316 -69.3173
96.4 -67.0401 -69.2651
96.45 -66.9476 -69.2093
96.5 -66.8541 -69.1507
96.55 -66.7597 -69.0898
96.6 -66.6643 -69.027
96.65 -66.5679 -68.9625
96.7 -66.4707 -68.8966
96.75 -66.3725 -68.8293
96.8 -66.2735 -68.7608
96.85 -66.1736 -68.691
96.9 -66.0728 -68.62
96.95 -65.9712 -68.5479
97 -65.8687 -68.4747
97.05 -65.7655 -68.4003
97.1 -65.6614 -68.3248
97.15 -65.5566 -68.2482
97.2 -65.4511 -68.1705
97.25 -65.3448 -68.0918
97.3 -65.2378 -68.0119
97.35 -65.1301 -67.931
97.4 -65.0217 -67.849
97.45 -64.9127 -67.7659
97.5 -64.8031 -67.6818
97.55 -64.6928 -67.5967
97.6 -64.582 -67.5105
97.65 -64.4706 -67.4233
97.7 -64.3587 -67.335
97.75 -64.2463 -67.2457
97.8 -64.1334 -67.1554
97.85 -64.02 -67.0642
97.9 -63.9061 -66.9719
97.95 -63.7919 -66.8787
98 -63.6773 -66.7845
98.05 -63.5622 -66.6893
98.1 -63.4469 -66.5932
98.15 -63.3312 -66.4962
98.2 -63.2152 -66.3983
98.25 -63.099 -66.2995
98.3 -62.9825 -66.1998
98.35 -62.8657 -66.0993
98.4 -62.7488 -65.9979
98.45 -62.6317 -65.8956
98.5 -62.5144 -65.7926
98.55 -62.397 -65.6887
98.6 -62.2795 -65.5841
98.65 -62.1619 -65.4788
98.7 -62.0442 -65.3727
98.75 -61.9265 -65.2658
98.8 -61.8087 -65.1583
98.85 -61.691 -65.0501
98.9 -61.5732 -64.9413
98.95 -61.4555 -64.8318
99 -61.3379 -64.7217
99.05 -61.2203 -64.6111
99.1 -61.1028 -64.4998
99.15 -60.9854 -64.388
99.2 -60.8681 -64.2758
99.25 -60.751 -64.163
99.3 -60.6341 -64.0497
99.35 -60.5173 -63.936
99.4 -60.4007 -63.8218
99.45 -60.2843 -63.7073
99.5 -60.1681 -63.5924
99.55 -60.0522 -63.4771
99.6 -59.9364 -63.3615
99.65 -59.8209 -63.2456
99.7 -59.7057 -63.1294
99.75 -59.5908 -63.013
99.8 -59.4761 -62.8963
99.85 -59.3617 -62.7794
99.9 -59.2476 -62.6624
99.95 -59.1338 -62.5451
100 -59.0202 -62.4278
100.05 -58.907 -62.3103
100.1 -58.7941 -62.1927
100.15 -58.6815 -62.075
100.2 -58.5692 -61.9573
100.25 -58.4572 -61.8395
100.3 -58.3455 -61.7218
100.35 -58.2341 -61.604
100.4 -58.1231 -61.4863
100.45 -58.0123 -61.3687
100.5 -57.9018 -61.2511
100.55 -57.7916 -61.1335
100.6 -57.6818 -61.0161
100.65 -57.5721 -60.8988
100.7 -57.4628 -60.7817
100.75 -57.3537 -60.6647
100.8 -57.2449 -60.5478
100.85 -57.1363 -60.4312
100.9 -57.0279 -60.3147
100.95 -56.9197 -60.1985
101 -56.8118 -60.0825
101.05 -56.704 -59.9667
101.1 -56.5964 -59.8512
101.15 -56.4889 -59.7359
101.2 -56.3816 -59.6208
101.25 -56.2744 -59.5061
101.3 -56.1672 -59.3916
101.35 -56.0602 -59.2774
101.4 -55.9531 -59.1635
101.45 -55.8461 -59.0499
101.5 -55.7391 -58.9366
101.55 -55.632 -58.8236
101.6 -55.5249 -58.7109
101.65 -55.4176 -58.5986
101.7 -55.3102 -58.4865
101.75 -55.2027 -58.3747
101.8 -55.0949 -58.2633
101.85 -54.9868 -58.1521
101.9 -54.8785 -58.0413
101.95 -54.7698 -57.9307
102 -54.6607 -57.8205
102.05 -54.5511 -57.7105
102.1 -54.441 -57.6008
102.15 -54.3304 -57.4914
102.2 -54.2191 -57.3822
102.25 -54.1072 -57.2733
102.3 -53.9944 -57.1647
102.35 -53.8808 -57.0562
102.4 -53.7663 -56.948
102.45 -53.6508 -56.84
102.5 -53.5341 -56.7322
102.55 -53.4162 -56.6245
102.6 -53.297 -56.517
102.65 -53.1763 -56.4097
102.7 -53.054 -56.3024
102.75 -52.93 -56.1953
102.8 -52.8041 -56.0882
102.85 -52.6761 -55.9812
102.9 -52.546 -55.8741
102.95 -52.4133 -55.7671
103 -52.278 -55.6601
103.05 -52.1398 -55.5529
103.1 -51.9985 -55.4457
103.15 -51.8537 -55.3384
103.2 -51.7051 -55.2308
103.25 -51.5523 -55.1231
103.3 -51.3951 -55.0151
103.35 -51.2328 -54.9069
103.4 -51.065 -54.7983
103.45 -50.8912 -54.6893
103.5 -50.7107 -54.5798
103.55 -50.5227 -54.4699
103.6 -50.3266 -54.3594
103.65 -50.1213 -54.2483
103.7 -49.9059 -54.1366
103.75 -49.679 -54.024
103.8 -49.4393 -53.9107
103.85 -49.1852 -53.7964
103.9 -48.9147 -53.6811
103.95 -48.6257 -53.5648
104 -48.3156 -53.4472
104.05 -47.9812 -53.3283
104.1 -47.6188 -53.208
104.15 -47.2241 -53.0862
104.2 -46.7915 -52.9626
104.25 -46.3146 -52.8372
104.3 -45.7852 -52.7098
104.35 -45.1931 -52.5803
104.4 -44.5258 -52.4483
104.45 -43.767 -52.3137
104.5 -42.8958 -52.1763
104.55 -41.8854 -52.0358
104.6 -40.6998 -51.8919
104.65 -39.2914 -51.7444
104.7 -37.5953 -51.5927
104.75 -35.5233 -51.4367
104.8 -32.9534 -51.2758
104.85 -29.7184 -51.1095
104.9 -25.5934 -50.9373
104.95 -20.2933 -50.7586
105 -13.5093 -50.5727
105.05 -5.04924 -50.3788
105.1 4.83879 -50.176
105.15 15.0735 -49.9633
105.2 23.8811 -49.7395
105.25 29.864 -49.5034
105.3 32.8924 -49.2532
105.35 33.7325 -48.9872
105.4 33.2203 -48.7033
105.45 31.9125 -48.399
105.5 30.1195 -48.0712
105.55 28.0117 -47.7166
105.6 25.6899 -47.3308
105.65 23.2207 -46.9087
105.7 20.652 -46.4442
105.75 18.0201 -45.9294
105.8 15.353 -45.3548
105.85 12.6727 -44.7086
105.9 9.99644 -43.9755
105.95 7.33704 -43.1361
106 4.7042 -42.1652
106.05 2.10488 -41.0295
106.1 -0.456206 -39.6849
106.15 -2.97615 -38.0716
106.2 -5.45351 -36.1082
106.25 -7.8881 -33.6827
106.3 -10.2808 -30.641
106.35 -12.6335 -26.7743
106.4 -14.9491 -21.812
106.45 -17.2316 -15.4439
106.5 -19.4863 -7.42418
106.55 -21.7201 2.15575
106.6 -23.9416 12.4555
106.65 -26.1616 21.811
106.7 -28.3934 28.6009
106.75 -30.6529 32.3489
106.8 -32.9589 33.673
106.85 -35.3325 33.4486
106.9 -37.7966 32.3112
106.95 -40.374 30.6246
107 -43.0839 28.5875
107.05 -45.9362 26.3142
107.1 -48.9229 23.8785
107.15 -52.0067 21.3319
107.2 -55.1107 18.7135
107.25 -58.1165 16.0533
107.3 -60.8797 13.3746
107.35 -63.2661 10.6959
107.4 -65.1923 8.03102
107.45 -66.6485 5.39046
107.5 -67.6869 2.78183
107.55 -68.3922 0.210385
107.6 -68.8516 -2.32052
107.65 -69.139 -4.80909
107.7 -69.31 -7.25484
107.75 -69.4036 -9.65838
107.8 -69.4462 -12.0213
107.85 -69.455 -14.3463
107.9 -69.4414 -16.637
107.95 -69.4128 -18.8984
108 -69.3738 -21.1369
108.05 -69.3277 -23.3606
108.1 -69.2764 -25.5798
108.15 -69.2212 -27.8071
108.2 -69.1631 -30.0577
108.25 -69.1027 -32.3496
108.3 -69.0402 -34.7033
108.35 -68.9761 -37.1415
108.4 -68.9105 -39.6871
108.45 -68.8435 -42.3609
108.5 -68.7752 -45.1758
108.55 -68.7057 -48.1295
108.6 -68.635 -51.1935
108.65 -68.5631 -54.3021
108.7 -68.4901 -57.347
108.75 -68.4159 -60.1879
108.8 -68.3407 -62.6837
108.85 -68.2643 -64.7344
108.9 -68.1868 -66.3106
108.95 -68.1083 -67.4509
109 -68.0287 -68.2347
109.05 -67.948 -68.7506
109.1 -67.8662 -69.077
109.15 -67.7834 -69.2741
109.2 -67.6995 -69.3849
109.25 -67.6146 -69.4389
109.3 -67.5286 -69.4552
109.35 -67.4416 -69.4467
109.4 -67.3535 -69.4214
109.45 -67.2645 -69.3848
109.5 -67.1744 -69.3403
109.55 -67.0833 -69.2902
109.6 -66.9913 -69.236
109.65 -66.8982 -69.1786
109.7 -66.8042 -69.1187
109.75 -66.7093 -69.0568
109.8 -66.6134 -68.9931
109.85 -66.5166 -68.9278
109.9 -66.4189 -68.8612
109.95 -66.3202 -68.7932
110 -66.2207 -68.724
110.05 -66.1203 -68.6536
110.1 -66.0191 -68.582
110.15 -65.9171 -68.5093
110.2 -65.8142 -68.4354
110.25 -65.7105 -68.3605
110.3 -65.6061 -68.2844
110.35 -65.5008 -68.2072
110.4 -65.3949 -68.129
110.45 -65.2882 -68.0496
110.5 -65.1809 -67.9692
110.55 -65.0728 -67.8877
110.6 -64.9641 -67.8052
110.65 -64.8547 -67.7216
110.7 -64.7448 -67.6369
110.75 -64.6342 -67.5512
110.8 -64.5231 -67.4644
110.85 -64.4115 -67.3767
110.9 -64.2993 -67.2879
110.95 -64.1866 -67.1981
111 -64.0734 -67.1073
111.05 -63.9598 -67.0155
111.1 -63.8457 -66.9227
111.15 -63.7313 -66.8289
111.2 -63.6164 -66.7342
111.25 -63.5012 -66.6386
111.3 -63.3857 -66.542
111.35 -63.2699 -66.4445
111.4 -63.1537 -66.3461
111.45 -63.0374 -66.2469
111.5 -62.9207 -66.1467
111.55 -62.8039 -66.0457
111.6 -62.6869 -65.9439
111.65 -62.5696 -65.8412
111.7 -62.4523 -65.7377
111.75 -62.3348 -65.6335
111.8 -62.2173 -65.5285
111.85 -62.0996 -65.4227
111.9 -61.9819 -65.3162
111.95 -61.8642 -65.209
112 -61.7464 -65.1012
112.05 -61.6286 -64.9926
112.1 -61.5109 -64.8834
112.15 -61.3932 -64.7736
112.2 -61.2756 -64.6632
112.25 -61.1581 -64.5523
112.3 -61.0407 -64.4407
112.35 -60.9233 -64.3287
112.4 -60.8062 -64.2161
112.45 -60.6891 -64.1031
112.5 -60.5723 -63.9896
112.55 -60.4556 -63.8756
112.6 -60.3391 -63.7613
112.65 -60.2228 -63.6465
112.7 -60.1067 -63.5314
112.75 -59.9909 -63.416
112.8 -59.8753 -63.3002
112.85 -59.7599 -63.1842
112.9 -59.6449 -63.0678
112.95 -59.53 -62.9513
113 -59.4155 -62.8345
113.05 -59.3013 -62.7175
113.1 -59.1873 -62.6003
113.15 -59.0736 -62.483
113.2 -58.9603 -62.3656
113.25 -58.8472 -62.248
113.3 -58.7345 -62.1304
113.35 -58.622 -62.0127
113.4 -58.5099 -61.895
113.45 -58.3981 -61.7772
113.5 -58.2865 -61.6595
113.55 -58.1753 -61.5417
113.6 -58.0644 -61.424
113.65 -57.9538 -61.3064
113.7 -57.8435 -61.1888
113.75 -57.7335 -61.0714
113.8 -57.6237 -60.954
113.85 -57.5142 -60.8368
113.9 -57.405 -60.7197
113.95 -57.2961 -60.6028
114 -57.1874 -60.4861
114.05 -57.0789 -60.3695
114.1 -56.9706 -60.2532
114.15 -56.8626 -60.1371
114.2 -56.7547 -60.0212
114.25 -56.647 -59.9055
114.3 -56.5395 -59.7901
114.35 -56.4321 -59.675
114.4 -56.3248 -59.5601
114.45 -56.2177 -59.4455
114.5 -56.1106 -59.3311
114.55 -56.0035 -59.2171
114.6 -55.8965 -59.1034
114.65 -55.7895 -58.9899
114.7 -55.6824 -58.8768
114.75 -55.5753 -58.764
114.8 -55.4681 -58.6514
114.85 -55.3608 -58.5392
114.9 -55.2533 -58.4273
114.95 -55.1456 -58.3157
115 -55.0377 -58.2044
115.05 -54.9295 -58.0934
115.1 -54.821 -57.9827
115.15 -54.7121 -57.8723
115.2 -54.6027 -57.7622
115.25 -54.4929 -57.6524
115.3 -54.3826 -57.5429
115.35 -54.2716 -57.4336
115.4 -54.16 -57.3246
115.45 -54.0476 -57.2158
115.5 -53.9344 -57.1073
115.55 -53.8204 -56.9989
115.6 -53.7053 -56.8908
115.65 -53.5892 -56.7829
115.7 -53.4719 -56.6752
115.75 -53.3533 -56.5676
115.8 -53.2333 -56.4602
115.85 -53.1118 -56.3529
115.9 -52.9886 -56.2457
115.95 -52.8636 -56.1386
116 -52.7366 -56.0315
116.05 -52.6075 -55.9245
116.1 -52.4761 -55.8175
116.15 -52.3421 -55.7105
116.2 -52.2053 -55.6034
116.25 -52.0655 -55.4962
116.3 -51.9223 -55.3889
116.35 -51.7755 -55.2815
116.4 -51.6248 -55.1739
116.45 -51.4697 -55.066
116.5 -51.3098 -54.9579
116.55 -51.1447 -54.8494
116.6 -50.9738 -54.7406
116.65 -50.7965 -54.6314
116.7 -50.6122 -54.5217
116.75 -50.42 -54.4115
116.8 -50.2192 -54.3007
116.85 -50.0086 -54.1893
116.9 -49.7873 -54.0771
116.95 -49.5538 -53.9641
117 -49.3067 -53.8503
117.05 -49.0442 -53.7355
117.1 -48.7642 -53.6197
117.15 -48.4644 -53.5027
117.2 -48.1418 -53.3845
117.25 -47.7931 -53.2648
117.3 -47.4143 -53.1437
117.35 -47.0002 -53.021
117.4 -46.5451 -52.8965
117.45 -46.0415 -52.7701
117.5 -45.4804 -52.6416
117.55 -44.8503 -52.5107
117.6 -44.1368 -52.3774
117.65 -43.3215 -52.2414
117.7 -42.3805 -52.1024
117.75 -41.2825 -51.9601
117.8 -39.9859 -51.8143
117.85 -38.4346 -51.6647
117.9 -36.5525 -51.5107
117.95 -34.2347 -51.3522
118 -31.337 -51.1885
118.05 -27.6631 -51.0191
118.1 -22.9549 -50.8436
118.15 -16.9057 -50.6612
118.2 -9.24068 -50.4711
118.25 0.0518733 -50.2726
118.3 10.3174 -50.0647
118.35 20.0258 -49.8464
118.4 27.4385 -49.6162
118.45 31.7959 -49.3728
118.5 33.5512 -49.1145
118.55 33.5875 -48.8393
118.6 32.6032 -48.545
118.65 31.0111 -48.2287
118.7 29.0357 -47.8872
118.75 26.8048 -47.5166
118.8 24.3982 -47.1123
118.85 21.8712 -46.6686
118.9 19.2651 -46.1785
118.95 16.6115 -45.6334
119 13.935 -45.0226
119.05 11.255 -44.3326
119.1 8.58627 -43.546
119.15 5.93991 -42.6406
119.2 3.32409 -41.5872
119.25 0.744543 -40.3473
119.3 -1.79503 -38.8691
119.35 -4.29253 -37.0824
119.4 -6.74722 -34.8908
119.45 -9.15947 -32.1616
119.5 -11.5307 -28.7133
119.55 -13.8634 -24.3041
119.6 -16.1609 -18.6364
119.65 -18.4279 -11.4123
119.7 -20.6706 -2.51741
119.75 -22.8966 7.60849
119.8 -25.1158 17.6443
119.85 -27.3402 25.7874
119.9 -29.5845 30.94
119.95 -31.8662 33.293
120 -34.2052 33.6995
120.05 -36.6238 32.9322
120.1 -39.1451 31.4718
120.15 -41.7907 29.5816
120.2 -44.5756 27.4085
120.25 -47.5016 25.0418
120.3 -50.5467 22.5419
120.35 -53.6534 19.9531
120.4 -56.7225 17.3093
120.45 -59.6183 14.6367
120.5 -62.1965 11.9561
120.55 -64.3451 9.28316
120.6 -66.0193 6.63004
120.65 -67.245 4.00559
120.7 -68.0959 1.41611
120.75 -68.6608 -1.13419
120.8 -69.0212 -3.64283
120.85 -69.2412 -6.10873
120.9 -69.3673 -8.53199
120.95 -69.4312 -10.9138
121 -69.4542 -13.2562
121.05 -69.4501 -15.5626
121.1 -69.4278 -17.837
121.15 -69.3932 -20.0854
121.2 -69.3502 -22.3149
121.25 -69.3011 -24.5349
121.3 -69.2476 -26.7566
121.35 -69.1908 -28.9941
121.4 -69.1314 -31.2642
121.45 -69.0699 -33.5861
121.5 -69.0065 -35.9816
121.55 -68.9416 -38.4739
121.6 -68.8752 -41.0851
121.65 -68.8075 -43.8326
121.7 -68.7386 -46.7227
121.75 -68.6684 -49.7405
121.8 -68.5971 -52.839
121.85 -68.5246 -55.9298
121.9 -68.451 -58.8853
121.95 -68.3762 -61.5595
122 -68.3004 -63.828
122.05 -68.2234 -65.6265
122.1 -68.1454 -66.9639
122.15 -68.0663 -67.9044
122.2 -67.9861 -68.5357
122.25 -67.9048 -68.9427
122.3 -67.8225 -69.1943
122.35 -67.7391 -69.3413
122.4 -67.6547 -69.4191
122.45 -67.5692 -69.4513
122.5 -67.4827 -69.4532
122.55 -67.3951 -69.435
122.6 -67.3065 -69.4032
122.65 -67.2169 -69.3621
122.7 -67.1263 -69.3144
122.75 -67.0347 -69.262
122.8 -66.9422 -69.2059
122.85 -66.8486 -69.1472
122.9 -66.7541 -69.0861
122.95 -66.6587 -69.0233
123 -66.5623 -68.9587
123.05 -66.465 -68.8927
123.1 -66.3668 -68.8254
123.15 -66.2677 -68.7567
123.2 -66.1677 -68.6869
123.25 -66.0669 -68.6159
123.3 -65.9652 -68.5437
123.35 -65.8627 -68.4703
123.4 -65.7594 -68.3959
123.45 -65.6553 -68.3203
123.5 -65.5505 -68.2437
123.55 -65.4449 -68.1659
123.6 -65.3385 -68.0871
123.65 -65.2315 -68.0072
123.7 -65.1238 -67.9262
123.75 -65.0154 -67.8442
123.8 -64.9063 -67.7611
123.85 -64.7966 -67.6769
123.9 -64.6864 -67.5917
123.95 -64.5755 -67.5054
124 -64.4641 -67.4181
124.05 -64.3521 -67.3298
124.1 -64.2397 -67.2405
124.15 -64.1267 -67.1501
124.2 -64.0133 -67.0588
124.25 -63.8995 -66.9665
124.3 -63.7852 -66.8732
124.35 -63.6705 -66.7789
124.4 -63.5555 -66.6837
124.45 -63.4401 -66.5876
124.5 -63.3244 -66.4905
124.55 -63.2084 -66.3926
124.6 -63.0922 -66.2937
124.65 -62.9757 -66.194
124.7 -62.8589 -66.0934
124.75 -62.742 -65.9919
124.8 -62.6248 -65.8896
124.85 -62.5076 -65.7865
124.9 -62.3901 -65.6827
124.95 -62.2726 -65.578
125 -62.155 -65.4726
125.05 -62.0373 -65.3664
125.1 -61.9196 -65.2596
125.15 -61.8018 -65.152
125.2 -61.6841 -65.0438
125.25 -61.5663 -64.9349
125.3 -61.4486 -64.8254
125.35 -61.331 -64.7153
125.4 -61.2134 -64.6046
125.45 -61.0959 -64.4933
125.5 -60.9786 -64.3815
125.55 -60.8613 -64.2692
125.6 -60.7442 -64.1564
125.65 -60.6273 -64.0431
125.7 -60.5105 -63.9293
125.75 -60.3939 -63.8152
125.8 -60.2775 -63.7006
125.85 -60.1613 -63.5857
125.9 -60.0454 -63.4704
125.95 -59.9297 -63.3548
126 -59.8142 -63.2388
126.05 -59.699 -63.1226
126.1 -59.5841 -63.0062
126.15 -59.4694 -62.8895
126.2 -59.355 -62.7726
126.25 -59.2409 -62.6555
126.3 -59.1271 -62.5383
126.35 -59.0136 -62.4209
126.4 -58.9004 -62.3034
126.45 -58.7875 -62.1858
126.5 -58.6749 -62.0681
126.55 -58.5626 -61.9504
126.6 -58.4507 -61.8327
126.65 -58.339 -61.7149
126.7 -58.2277 -61.5972
126.75 -58.1166 -61.4794
126.8 -58.0058 -61.3618
126.85 -57.8954 -61.2442
126.9 -57.7852 -61.1267
126.95 -57.6753 -61.0093
127 -57.5657 -60.892
127.05 -57.4564 -60.7748
127.1 -57.3473 -60.6579
127.15 -57.2385 -60.541
127.2 -57.1299 -60.4244
127.25 -57.0216 -60.308
127.3 -56.9134 -60.1917
127.35 -56.8055 -60.0757
127.4 -56.6977 -59.9599
127.45 -56.5901 -59.8444
127.5 -56.4826 -59.7291
127.55 -56.3753 -59.6141
127.6 -56.2681 -59.4994
127.65 -56.161 -59.3849
127.7 -56.0539 -59.2708
127.75 -55.9469 -59.1569
127.8 -55.8399 -59.0433
127.85 -55.7328 -58.93
127.9 -55.6258 -58.817
127.95 -55.5186 -58.7044
128 -55.4114 -58.592
128.05 -55.304 -58.48
128.1 -55.1964 -58.3682
128.15 -55.0886 -58.2568
128.2 -54.9805 -58.1456
128.25 -54.8721 -58.0348
128.3 -54.7634 -57.9243
128.35 -54.6543 -57.814
128.4 -54.5447 -57.7041
128.45 -54.4346 -57.5944
128.5 -54.3239 -57.485
128.55 -54.2126 -57.3759
128.6 -54.1006 -57.267
128.65 -53.9878 -57.1583
128.7 -53.8742 -57.0499
128.75 -53.7596 -56.9417
128.8 -53.644 -56.8337
128.85 -53.5272 -56.7259
128.9 -53.4093 -56.6183
128.95 -53.29 -56.5108
129 -53.1692 -56.4034
129.05 -53.0468 -56.2962
129.1 -52.9227 -56.189
129.15 -52.7967 -56.0819
129.2 -52.6686 -55.9749
129.25 -52.5383 -55.8679
129.3 -52.4055 -55.7609
129.35 -52.27 -55.6538
129.4 -52.1317 -55.5467
129.45 -51.9901 -55.4394
129.5 -51.8451 -55.3321
129.55 -51.6963 -55.2246
129.6 -51.5433 -55.1168
129.65 -51.3857 -55.0088
129.7 -51.2231 -54.9005
129.75 -51.055 -54.7919
129.8 -50.8808 -54.6829
129.85 -50.6999 -54.5734
129.9 -50.5115 -54.4635
129.95 -50.3149 -54.353
130 -50.109 -54.2418
130.05 -49.8929 -54.13
130.1 -49.6653 -54.0174
130.15 -49.4248 -53.904
130.2 -49.1698 -53.7897
130.25 -48.8984 -53.6744
130.3 -48.6082 -53.5579
130.35 -48.2967 -53.4403
130.4 -47.9608 -53.3213
130.45 -47.5967 -53.201
130.5 -47.1999 -53.079
130.55 -46.7649 -52.9554
130.6 -46.2852 -52.8299
130.65 -45.7524 -52.7023
130.7 -45.1564 -52.5726
130.75 -44.4841 -52.4405
130.8 -43.7194 -52.3058
130.85 -42.841 -52.1682
130.9 -41.8213 -52.0275
130.95 -40.6242 -51.8834
131 -39.2009 -51.7356
131.05 -37.4856 -51.5838
131.1 -35.3882 -51.4274
131.15 -32.7846 -51.2662
131.2 -29.5044 -51.0996
131.25 -25.3191 -50.927
131.3 -19.9406 -50.7479
131.35 -13.0617 -50.5616
131.4 -4.50489 -50.3672
131.45 5.44239 -50.1639
131.5 15.6453 -49.9506
131.55 24.316 -49.7261
131.6 30.1172 -49.4891
131.65 32.9926 -49.2381
131.7 33.7329 -48.9711
131.75 33.1618 -48.6861
131.8 31.819 -48.3805
131.85 30.0038 -48.0513
131.9 27.8811 -47.695
131.95 25.5492 -47.3072
132 23.073 -46.8828
132.05 20.4997 -46.4155
132.1 17.865 -45.8975
132.15 15.1966 -45.3192
132.2 12.5161 -44.6683
132.25 9.84051 -43.9296
132.3 7.18242 -43.0833
132.35 4.55137 -42.1038
132.4 1.95418 -40.9572
132.45 -0.60457 -39.5987
132.5 -3.12205 -37.9674
132.55 -5.59691 -35.9805
132.6 -8.02902 -33.5237
132.65 -10.4193 -30.4402
132.7 -12.7698 -26.5174
132.75 -15.0833 -21.4817
132.8 -17.3641 -15.0222
132.85 -19.6173 -6.90361
132.9 -21.8501 2.75059
132.95 -24.0712 13.0465
133 -26.2915 22.2895
133.05 -28.5244 28.9012
133.1 -30.7861 32.4841
133.15 -33.0955 33.6948
133.2 -35.4738 33.4027
133.25 -37.9439 32.2252
133.3 -40.5285 30.5139
133.35 -43.2466 28.4603
133.4 -46.1072 26.1758
133.45 -49.1009 23.7323
133.5 -52.1884 21.1806
133.55 -55.2903 18.559
133.6 -58.286 15.8971
133.65 -61.0306 13.218
133.7 -63.3917 10.5397
133.75 -65.2901 7.87601
133.8 -66.7199 5.23713
133.85 -67.7364 2.63054
133.9 -68.425 0.0613934
133.95 -68.8725 -2.46707
134 -69.1518 -4.95315
134.05 -69.3173 -7.3964
134.1 -69.4073 -9.79751
134.15 -69.4475 -12.1582
134.2 -69.4547 -14.481
134.25 -69.4401 -16.7699
134.3 -69.4108 -19.0297
134.35 -69.3713 -21.2671
134.4 -69.3248 -23.4903
134.45 -69.2733 -25.7096
134.5 -69.2179 -27.9378
134.55 -69.1597 -30.1903
134.6 -69.0991 -32.4852
134.65 -69.0365 -34.8432
134.7 -68.9723 -37.287
134.75 -68.9066 -39.8396
134.8 -68.8396 -42.5213
134.85 -68.7712 -45.3446
134.9 -68.7016 -48.3059
134.95 -68.6308 -51.3748
135 -68.5589 -54.483
135.05 -68.4858 -57.52
135.1 -68.4116 -60.3444
135.15 -68.3362 -62.8163
135.2 -68.2598 -64.8394
135.25 -68.1823 -66.3885
135.3 -68.1037 -67.5057
135.35 -68.024 -68.2714
135.4 -67.9432 -68.7742
135.45 -67.8614 -69.0915
135.5 -67.7785 -69.2826
135.55 -67.6946 -69.3894
135.6 -67.6096 -69.4407
135.65 -67.5235 -69.4553
135.7 -67.4365 -69.4456
135.75 -67.3483 -69.4196
135.8 -67.2592 -69.3824
135.85 -67.1691 -69.3376
135.9 -67.078 -69.2872
135.95 -66.9859 -69.2327
136 -66.8928 -69.1751
136.05 -66.7987 -69.1151
136.1 -66.7037 -69.0531
136.15 -66.6078 -68.9893
136.2 -66.5109 -68.924
136.25 -66.4131 -68.8573
136.3 -66.3144 -68.7892
136.35 -66.2149 -68.7199
136.4 -66.1145 -68.6495
136.45 -66.0132 -68.5778
136.5 -65.9111 -68.505
136.55 -65.8081 -68.4311
136.6 -65.7044 -68.3561
136.65 -65.5999 -68.2799
136.7 -65.4947 -68.2027
136.75 -65.3887 -68.1244
136.8 -65.282 -68.045
136.85 -65.1746 -67.9645
136.9 -65.0665 -67.8829
136.95 -64.9577 -67.8003
137 -64.8483 -67.7166
137.05 -64.7383 -67.6319
137.1 -64.6278 -67.5462
137.15 -64.5166 -67.4593
137.2 -64.4049 -67.3715
137.25 -64.2927 -67.2827
137.3 -64.18 -67.1928
137.35 -64.0668 -67.1019
137.4 -63.9531 -67.0101
137.45 -63.8391 -66.9172
137.5 -63.7246 -66.8234
137.55 -63.6097 -66.7287
137.6 -63.4945 -66.633
137.65 -63.379 -66.5363
137.7 -63.2631 -66.4388
137.75 -63.147 -66.3404
137.8 -63.0305 -66.241
137.85 -62.9139 -66.1408
137.9 -62.7971 -66.0398
137.95 -62.68 -65.9379
138 -62.5628 -65.8352
138.05 -62.4454 -65.7317
138.1 -62.328 -65.6274
138.15 -62.2104 -65.5223
138.2 -62.0927 -65.4165
138.25 -61.975 -65.31
138.3 -61.8573 -65.2027
138.35 -61.7395 -65.0948
138.4 -61.6218 -64.9863
138.45 -61.504 -64.877
138.5 -61.3864 -64.7672
138.55 -61.2688 -64.6568
138.6 -61.1512 -64.5458
138.65 -61.0338 -64.4342
138.7 -60.9165 -64.3221
138.75 -60.7993 -64.2095
138.8 -60.6823 -64.0965
138.85 -60.5654 -63.9829
138.9 -60.4488 -63.869
138.95 -60.3323 -63.7546
139 -60.216 -63.6398
139.05 -60.0999 -63.5247
139.1 -59.9841 -63.4092
139.15 -59.8685 -63.2935
139.2 -59.7532 -63.1774
139.25 -59.6381 -63.061
139.3 -59.5234 -62.9445
139.35 -59.4088 -62.8277
139.4 -59.2946 -62.7107
139.45 -59.1807 -62.5935
139.5 -59.067 -62.4762
139.55 -58.9537 -62.3587
139.6 -58.8406 -62.2412
139.65 -58.7279 -62.1235
139.7 -58.6155 -62.0058
139.75 -58.5034 -61.8881
139.8 -58.3915 -61.7703
139.85 -58.28 -61.6526
139.9 -58.1688 -61.5349
139.95 -58.0579 -61.4172
140 -57.9474 -61.2995
140.05 -57.8371 -61.182
140.1 -57.727 -61.0645
140.15 -57.6173 -60.9472
140.2 -57.5078 -60.83
140.25 -57.3986 -60.7129
140.3 -57.2897 -60.596
140.35 -57.181 -60.4793
140.4 -57.0725 -60.3627
140.45 -56.9643 -60.2464
140.5 -56.8563 -60.1303
140.55 -56.7484 -60.0144
140.6 -56.6407 -59.8988
140.65 -56.5332 -59.7834
140.7 -56.4258 -59.6682
140.75 -56.3186 -59.5534
140.8 -56.2114 -59.4388
140.85 -56.1043 -59.3245
140.9 -55.9973 -59.2105
140.95 -55.8903 -59.0967
141 -55.7832 -58.9833
141.05 -55.6762 -58.8702
141.1 -55.5691 -58.7574
141.15 -55.4619 -58.6449
141.2 -55.3545 -58.5327
141.25 -55.247 -58.4208
141.3 -55.1393 -58.3092
141.35 -55.0314 -58.1979
141.4 -54.9232 -58.087
141.45 -54.8146 -57.9763
141.5 -54.7057 -57.8659
141.55 -54.5963 -57.7558
141.6 -54.4865 -57.646
141.65 -54.3761 -57.5365
141.7 -54.2651 -57.4272
141.75 -54.1534 -57.3182
141.8 -54.041 -57.2094
141.85 -53.9278 -57.1009
141.9 -53.8137 -56.9926
141.95 -53.6986 -56.8845
142 -53.5824 -56.7766
142.05 -53.465 -56.6689
142.1 -53.3463 -56.5613
142.15 -53.2262 -56.4539
142.2 -53.1046 -56.3466
142.25 -52.9814 -56.2395
142.3 -52.8562 -56.1323
142.35 -52.7292 -56.0253
142.4 -52.5999 -55.9183
142.45 -52.4683 -55.8113
142.5 -52.3342 -55.7042
142.55 -52.1972 -55.5971
142.6 -52.0572 -55.4899
142.65 -51.9138 -55.3827
142.7 -51.7668 -55.2752
142.75 -51.6159 -55.1676
142.8 -51.4605 -55.0597
142.85 -51.3003 -54.9515
142.9 -51.1349 -54.8431
142.95 -50.9636 -54.7343
143 -50.7859 -54.625
143.05 -50.6012 -54.5153
143.1 -50.4085 -54.4051
143.15 -50.2071 -54.2942
143.2 -49.996 -54.1827
143.25 -49.774 -54.0705
143.3 -49.5398 -53.9575
143.35 -49.2918 -53.8436
143.4 -49.0283 -53.7288
143.45 -48.7473 -53.6129
143.5 -48.4462 -53.4958
143.55 -48.1222 -53.3775
143.6 -47.7719 -53.2578
143.65 -47.3911 -53.1366
143.7 -46.9748 -53.0138
143.75 -46.5171 -52.8892
143.8 -46.0104 -52.7626
143.85 -45.4456 -52.634
143.9 -44.811 -52.503
143.95 -44.0922 -52.3695
144 -43.2702 -52.2333
144.05 -42.321 -52.0942
144.1 -41.2127 -51.9517
144.15 -39.9029 -51.8057
144.2 -38.3346 -51.6558
144.25 -36.4302 -51.5016
144.3 -34.083 -51.3427
144.35 -31.146 -51.1787
144.4 -27.4193 -51.0091
144.45 -22.6414 -50.8331
144.5 -16.5044 -50.6503
144.55 -8.74024 -50.4598
144.6 0.635757 -50.2608
144.65 10.9181 -50.0523
144.7 20.5359 -49.8332
144.75 27.7773 -49.6024
144.8 31.9617 -49.3581
144.85 33.5923 -49.0989
144.9 33.5529 -48.8227
144.95 32.5241 -48.5271
145 30.9046 -48.2094
145.05 28.9115 -47.8664
145.1 26.6684 -47.494
145.15 24.2534 -47.0876
145.2 21.7208 -46.6413
145.25 19.1111 -46.1483
145.3 16.4555 -45.5997
145.35 13.7784 -44.9847
145.4 11.0987 -44.2895
145.45 8.43096 -43.4966
145.5 5.78619 -42.5834
145.55 3.17236 -41.5204
145.6 0.595058 -40.2681
145.65 -1.9421 -38.7741
145.7 -4.43711 -36.9666
145.75 -6.88929 -34.7477
145.8 -9.2991 -31.982
145.85 -11.668 -28.4848
145.9 -13.9985 -24.0107
145.95 -16.2941 -18.2597
146 -18.5595 -10.9378
146.05 -20.801 -1.9513
146.1 -23.0263 8.21436
146.15 -25.2455 18.1885
146.2 -27.4706 26.1745
146.25 -29.7166 31.1474
146.3 -32.001 33.3615
146.35 -34.3441 33.6809
146.4 -36.768 32.8626
146.45 -39.2961 31.3713
146.5 -41.9494 29.4614
146.55 -44.7427 27.2749
146.6 -47.6766 24.8989
146.65 -50.7272 22.3928
146.7 -53.835 19.7999
146.75 -56.8979 17.1537
146.8 -59.779 14.4802
146.85 -62.3346 11.7996
146.9 -64.4561 9.12753
146.95 -66.1027 6.47586
147 -67.3042 3.8533
147.05 -68.1359 1.26602
147.1 -68.6868 -1.2819
147.15 -69.0374 -3.78806
147.2 -69.2508 -6.25146
147.25 -69.3725 -8.67226
147.3 -69.4335 -11.0517
147.35 -69.4546 -13.3919
147.4 -69.4492 -15.6963
147.45 -69.4261 -17.9691
147.5 -69.3909 -20.2161
147.55 -69.3475 -22.4448
147.6 -69.2981 -24.6645
147.65 -69.2444 -26.8867
147.7 -69.1874 -29.1257
147.75 -69.1279 -31.3982
147.8 -69.0662 -33.7238
147.85 -69.0028 -36.1243
147.9 -68.9377 -38.6229
147.95 -68.8713 -41.2417
148 -68.8035 -43.9976
148.05 -68.7345 -46.8957
148.1 -68.6643 -49.9199
148.15 -68.5929 -53.0208
148.2 -68.5203 -56.1076
148.25 -68.4466 -59.0506
148.3 -68.3718 -61.7041
148.35 -68.2959 -63.9462
148.4 -68.2189 -65.7169
148.45 -68.1408 -67.0289
148.5 -68.0616 -67.9489
148.55 -67.9814 -68.5649
148.6 -67.9001 -68.9611
148.65 -67.8177 -69.2053
148.7 -67.7342 -69.3475
148.75 -67.6497 -69.4221
148.8 -67.5642 -69.4521
148.85 -67.4776 -69.4526
148.9 -67.39 -69.4335
148.95 -67.3013 -69.4011
149 -67.2117 -69.3595
149.05 -67.121 -69.3115
149.1 -67.0294 -69.2588
149.15 -66.9367 -69.2026
149.2 -66.8431 -69.1437
149.25 -66.7486 -69.0825
149.3 -66.6531 -69.0195
149.35 -66.5566 -68.9549
149.4 -66.4593 -68.8888
149.45 -66.361 -68.8214
149.5 -66.2619 -68.7527
149.55 -66.1618 -68.6828
149.6 -66.061 -68.6117
149.65 -65.9592 -68.5394
149.7 -65.8567 -68.466
149.75 -65.7534 -68.3915
149.8 -65.6492 -68.3159
149.85 -65.5443 -68.2392
149.9 -65.4387 -68.1614
149.95 -65.3323 -68.0825
150 -65.2252 -68.0025
150.05 -65.1174 -67.9215
150.1 -65.009 -67.8393
150.15 -64.8999 -67.7562
150.2 -64.7902 -67.6719
150.25 -64.6799 -67.5867
150.3 -64.569 -67.5003
150.35 -64.4576 -67.413
150.4 -64.3456 -67.3246
150.45 -64.2331 -67.2352
150.5 -64.1201 -67.1448
150.55 -64.0067 -67.0534
150.6 -63.8928 -66.9611
150.65 -63.7785 -66.8677
150.7 -63.6638 -66.7734
150.75 -63.5488 -66.6782
150.8 -63.4334 -66.582
150.85 -63.3177 -66.4848
150.9 -63.2017 -66.3868
150.95 -63.0854 -66.2879
151 -62.9688 -66.1881
151.05 -62.8521 -66.0874
151.1 -62.7351 -65.986
151.15 -62.618 -65.8836
151.2 -62.5007 -65.7805
151.25 -62.3833 -65.6766
151.3 -62.2658 -65.5719
151.35 -62.1481 -65.4664
151.4 -62.0304 -65.3602
151.45 -61.9127 -65.2533
151.5 -61.795 -65.1457
151.55 -61.6772 -65.0375
151.6 -61.5595 -64.9285
151.65 -61.4418 -64.819
151.7 -61.3241 -64.7088
151.75 -61.2065 -64.5981
151.8 -61.0891 -64.4868
151.85 -60.9717 -64.375
151.9 -60.8545 -64.2626
151.95 -60.7374 -64.1497
152 -60.6204 -64.0364
152.05 -60.5037 -63.9227
152.1 -60.3871 -63.8085
152.15 -60.2707 -63.6939
152.2 -60.1546 -63.5789
152.25 -60.0386 -63.4636
152.3 -59.9229 -63.348
152.35 -59.8075 -63.2321
152.4 -59.6923 -63.1158
152.45 -59.5774 -62.9994
152.5 -59.4627 -62.8827
152.55 -59.3483 -62.7658
152.6 -59.2343 -62.6487
152.65 -59.1205 -62.5314
152.7 -59.007 -62.414
152.75 -58.8938 -62.2965
152.8 -58.7809 -62.1789
152.85 -58.6684 -62.0613
152.9 -58.5561 -61.9435
152.95 -58.4441 -61.8258
153 -58.3325 -61.708
153.05 -58.2212 -61.5903
153.1 -58.1101 -61.4726
153.15 -57.9994 -61.3549
153.2 -57.8889 -61.2373
153.25 -57.7788 -61.1198
153.3 -57.6689 -61.0024
153.35 -57.5593 -60.8851
153.4 -57.45 -60.768
153.45 -57.341 -60.651
153.5 -57.2322 -60.5342
153.55 -57.1236 -60.4176
153.6 -57.0152 -60.3012
153.65 -56.9071 -60.1849
153.7 -56.7992 -60.0689
153.75 -56.6914 -59.9532
153.8 -56.5838 -59.8377
153.85 -56.4764 -59.7224
153.9 -56.3691 -59.6074
153.95 -56.2618 -59.4927
154 -56.1547 -59.3783
154.05 -56.0477 -59.2641
154.1 -55.9406 -59.1502
154.15 -55.8336 -59.0367
154.2 -55.7266 -58.9234
154.25 -55.6195 -58.8105
154.3 -55.5124 -58.6978
154.35 -55.4051 -58.5855
154.4 -55.2977 -58.4734
154.45 -55.1901 -58.3617
154.5 -55.0823 -58.2503
154.55 -54.9742 -58.1392
154.6 -54.8658 -58.0283
154.65 -54.757 -57.9178
154.7 -54.6479 -57.8076
154.75 -54.5383 -57.6977
154.8 -54.4281 -57.588
154.85 -54.3174 -57.4786
154.9 -54.2061 -57.3695
154.95 -54.094 -57.2606
155 -53.9812 -57.152
155.05 -53.8675 -57.0436
155.1 -53.7529 -56.9354
155.15 -53.6372 -56.8274
155.2 -53.5204 -56.7196
155.25 -53.4023 -56.612
155.3 -53.283 -56.5045
155.35 -53.1621 -56.3971
155.4 -53.0396 -56.2899
155.45 -52.9154 -56.1828
155.5 -52.7893 -56.0757
155.55 -52.661 -55.9687
155.6 -52.5306 -55.8616
155.65 -52.3977 -55.7546
155.7 -52.262 -55.6475
155.75 -52.1235 -55.5404
155.8 -51.9818 -55.4332
155.85 -51.8365 -55.3258
155.9 -51.6875 -55.2183
155.95 -51.5342 -55.1105
156 -51.3764 -55.0025
156.05 -51.2135 -54.8942
156.1 -51.045 -54.7855
156.15 -50.8704 -54.6765
156.2 -50.6891 -54.567
156.25 -50.5003 -54.457
156.3 -50.3031 -54.3465
156.35 -50.0967 -54.2353
156.4 -49.88 -54.1235
156.45 -49.6517 -54.0108
156.5 -49.4104 -53.8974
156.55 -49.1544 -53.783
156.6 -48.8819 -53.6676
156.65 -48.5906 -53.5511
156.7 -48.2778 -53.4334
156.75 -47.9403 -53.3143
156.8 -47.5745 -53.1939
156.85 -47.1756 -53.0718
156.9 -46.7382 -52.9481
156.95 -46.2556 -52.8225
157 -45.7194 -52.6948
157.05 -45.1193 -52.565
157.1 -44.4422 -52.4327
157.15 -43.6714 -52.2978
157.2 -42.7856 -52.1601
157.25 -41.7567 -52.0192
157.3 -40.5478 -51.8749
157.35 -39.1095 -51.7269
157.4 -37.3746 -51.5748
157.45 -35.2514 -51.4181
157.5 -32.6135 -51.2566
157.55 -29.2873 -51.0897
157.6 -25.0407 -50.9168
157.65 -19.5828 -50.7373
157.7 -12.6082 -50.5505
157.75 -3.95553 -50.3556
157.8 6.04709 -50.1517
157.85 16.2117 -49.9378
157.9 24.7407 -49.7126
157.95 30.3601 -49.4749
158 33.0856 -49.223
158.05 33.7289 -48.955
158.1 33.1008 -48.6688
158.15 31.7239 -48.3619
158.2 29.8871 -48.0313
158.25 27.7499 -47.6732
158.3 25.408 -47.2835
158.35 22.925 -46.8568
158.4 20.3472 -46.3868
158.45 17.7098 -45.8655
158.5 15.0401 -45.2833
158.55 12.3596 -44.6278
158.6 9.68463 -43.8834
158.65 7.02789 -43.03
158.7 4.39866 -42.0418
158.75 1.80361 -40.8842
158.8 -0.752793 -39.5116
158.85 -3.26781 -37.8621
158.9 -5.74016 -35.8512
158.95 -8.1698 -33.3626
159 -10.5577 -30.2365
159.05 -12.9059 -26.2568
159.1 -15.2174 -21.1465
159.15 -17.4964 -14.5948
159.2 -19.7483 -6.37756
159.25 -21.9801 3.34789
159.3 -24.2008 13.634
159.35 -26.4214 22.7587
159.4 -28.6556 29.1909
159.45 -30.9196 32.6111
159.5 -33.2323 33.7116
159.55 -35.6153 33.3538
159.6 -38.0915 32.1375
159.65 -40.6835 30.402
159.7 -43.4097 28.3324
159.75 -46.2787 26.0369
159.8 -49.2793 23.5858
159.85 -52.3702 21.0291
159.9 -55.4696 18.4043
159.95 -58.4547 15.7408
160 -61.1802 13.0614
160.05 -63.5157 10.3836
160.1 -65.3862 7.72108
160.15 -66.7899 5.08391
160.2 -67.7848 2.47939
160.25 -68.457 -0.087459
160.3 -68.8928 -2.61348
160.35 -69.1641 -5.09706
160.4 -69.3243 -7.53782
160.45 -69.4108 -9.93651
160.5 -69.4487 -12.2949
160.55 -69.4544 -14.6156
160.6 -69.4388 -16.9026
160.65 -69.4087 -19.161
160.7 -69.3688 -21.3973
160.75 -69.3219 -23.6199
160.8 -69.2701 -25.8394
160.85 -69.2146 -28.0685
160.9 -69.1562 -30.323
160.95 -69.0955 -32.621
161 -69.0328 -34.9834
161.05 -68.9685 -37.433
161.1 -68.9028 -39.9926
161.15 -68.8356 -42.6823
161.2 -68.7672 -45.514
161.25 -68.6975 -48.4827
161.3 -68.6266 -51.5561
161.35 -68.5546 -54.6636
161.4 -68.4815 -57.6923
161.45 -68.4072 -60.4998
161.5 -68.3318 -62.9475
161.55 -68.2553 -64.9428
161.6 -68.1777 -66.465
161.65 -68.0991 -67.5592
161.7 -68.0193 -68.3071
161.75 -67.9385 -68.7972
161.8 -67.8566 -69.1057
161.85 -67.7736 -69.2908
161.9 -67.6896 -69.3937
161.95 -67.6046 -69.4424
162 -67.5185 -69.4553
162.05 -67.4313 -69.4445
162.1 -67.3432 -69.4177
162.15 -67.254 -69.38
162.2 -67.1638 -69.3347
162.25 -67.0726 -69.2841
162.3 -66.9805 -69.2294
162.35 -66.8873 -69.1717
162.4 -66.7932 -69.1116
162.45 -66.6981 -69.0494
162.5 -66.6021 -68.9855
162.55 -66.5052 -68.9201
162.6 -66.4074 -68.8533
162.65 -66.3086 -68.7852
162.7 -66.209 -68.7158
162.75 -66.1086 -68.6453
162.8 -66.0072 -68.5736
162.85 -65.9051 -68.5007
162.9 -65.8021 -68.4267
162.95 -65.6983 -68.3516
163 -65.5938 -68.2754
163.05 -65.4885 -68.1981
163.1 -65.3825 -68.1198
163.15 -65.2757 -68.0403
163.2 -65.1683 -67.9597
163.25 -65.0601 -67.8781
163.3 -64.9514 -67.7955
163.35 -64.8419 -67.7117
163.4 -64.7319 -67.6269
163.45 -64.6213 -67.5411
163.5 -64.5101 -67.4542
163.55 -64.3984 -67.3663
163.6 -64.2861 -67.2774
163.65 -64.1734 -67.1875
163.7 -64.0602 -67.0966
163.75 -63.9465 -67.0047
163.8 -63.8324 -66.9118
163.85 -63.7179 -66.8179
163.9 -63.603 -66.7231
163.95 -63.4878 -66.6274
164 -63.3722 -66.5307
164.05 -63.2563 -66.4331
164.1 -63.1402 -66.3346
164.15 -63.0237 -66.2352
164.2 -62.9071 -66.1349
164.25 -62.7902 -66.0338
164.3 -62.6732 -65.9319
164.35 -62.5559 -65.8291
164.4 -62.4386 -65.7256
164.45 -62.3211 -65.6212
164.5 -62.2035 -65.5161
164.55 -62.0859 -65.4103
164.6 -61.9681 -65.3037
164.65 -61.8504 -65.1965
164.7 -61.7326 -65.0885
164.75 -61.6149 -64.9799
164.8 -61.4972 -64.8706
164.85 -61.3795 -64.7608
164.9 -61.2619 -64.6503
164.95 -61.1444 -64.5393
165 -61.0269 -64.4277
165.05 -60.9096 -64.3156
165.1 -60.7925 -64.2029
165.15 -60.6755 -64.0898
165.2 -60.5586 -63.9763
165.25 -60.4419 -63.8623
165.3 -60.3255 -63.7479
165.35 -60.2092 -63.6331
165.4 -60.0932 -63.518
165.45 -59.9774 -63.4025
165.5 -59.8618 -63.2867
165.55 -59.7465 -63.1706
165.6 -59.6314 -63.0542
165.65 -59.5167 -62.9376
165.7 -59.4022 -62.8208
165.75 -59.2879 -62.7038
165.8 -59.174 -62.5866
165.85 -59.0604 -62.4693
165.9 -58.9471 -62.3519
165.95 -58.834 -62.2343
166 -58.7213 -62.1167
166.05 -58.6089 -61.999
166.1 -58.4968 -61.8812
166.15 -58.385 -61.7635
166.2 -58.2735 -61.6457
166.25 -58.1624 -61.528
166.3 -58.0515 -61.4103
166.35 -57.9409 -61.2927
166.4 -57.8306 -61.1751
166.45 -57.7206 -61.0577
166.5 -57.6109 -60.9403
166.55 -57.5015 -60.8231
166.6 -57.3923 -60.7061
166.65 -57.2833 -60.5892
166.7 -57.1747 -60.4725
166.75 -57.0662 -60.3559
166.8 -56.958 -60.2396
166.85 -56.85 -60.1235
166.9 -56.7421 -60.0077
166.95 -56.6344 -59.892
167 -56.5269 -59.7766
167.05 -56.4196 -59.6615
167.1 -56.3123 -59.5467
167.15 -56.2051 -59.4321
167.2 -56.0981 -59.3178
167.25 -55.991 -59.2038
167.3 -55.884 -59.0901
167.35 -55.777 -58.9767
167.4 -55.6699 -58.8636
167.45 -55.5628 -58.7508
167.5 -55.4556 -58.6383
167.55 -55.3483 -58.5261
167.6 -55.2408 -58.4143
167.65 -55.133 -58.3027
167.7 -55.0251 -58.1914
167.75 -54.9169 -58.0805
167.8 -54.8083 -57.9698
167.85 -54.6993 -57.8595
167.9 -54.5899 -57.7494
167.95 -54.4801 -57.6396
168 -54.3696 -57.5301
168.05 -54.2586 -57.4208
168.1 -54.1469 -57.3118
168.15 -54.0344 -57.2031
168.2 -53.9212 -57.0946
168.25 -53.807 -56.9863
168.3 -53.6918 -56.8782
168.35 -53.5755 -56.7703
168.4 -53.4581 -56.6626
168.45 -53.3393 -56.5551
168.5 -53.2192 -56.4477
168.55 -53.0975 -56.3404
168.6 -52.9741 -56.2332
168.65 -52.8489 -56.1261
168.7 -52.7217 -56.019
168.75 -52.5923 -55.912
168.8 -52.4606 -55.805
168.85 -52.3262 -55.698
168.9 -52.1891 -55.5909
168.95 -52.0489 -55.4837
169 -51.9054 -55.3764
169.05 -51.7581 -55.2689
169.1 -51.6069 -55.1613
169.15 -51.4513 -55.0534
169.2 -51.2908 -54.9452
169.25 -51.125 -54.8367
169.3 -50.9534 -54.7279
169.35 -50.7754 -54.6186
169.4 -50.5901 -54.5089
169.45 -50.397 -54.3986
169.5 -50.1951 -54.2877
169.55 -49.9834 -54.1762
169.6 -49.7607 -54.064
169.65 -49.5257 -53.9509
169.7 -49.2769 -53.837
169.75 -49.0124 -53.722
169.8 -48.7303 -53.6061
169.85 -48.4279 -53.489
169.9 -48.1025 -53.3706
169.95 -47.7505 -53.2508
170 -47.3678 -53.1295
170.05 -46.9493 -53.0066
170.1 -46.4889 -52.8818
170.15 -45.9791 -52.7552
170.2 -45.4106 -52.6264
170.25 -44.7715 -52.4953
170.3 -44.0472 -52.3617
170.35 -43.2186 -52.2253
170.4 -42.261 -52.0859
170.45 -41.1422 -51.9433
170.5 -39.819 -51.797
170.55 -38.2335 -51.6469
170.6 -36.3065 -51.4925
170.65 -33.9293 -51.3333
170.7 -30.9522 -51.169
170.75 -27.1719 -50.999
170.8 -22.3234 -50.8226
170.85 -16.0974 -50.6394
170.9 -8.2341 -50.4484
170.95 1.22302 -50.2489
171 11.5167 -50.0398
171.05 21.0375 -49.8201
171.1 28.1054 -49.5885
171.15 32.1187 -49.3434
171.2 33.6279 -49.0833
171.25 33.5149 -48.806
171.3 32.443 -48.5092
171.35 30.797 -48.1901
171.4 28.7864 -47.8455
171.45 26.5315 -47.4712
171.5 24.1083 -47.0626
171.55 21.5701 -46.6139
171.6 18.957 -46.1179
171.65 16.2995 -45.5657
171.7 13.6218 -44.9464
171.75 10.9424 -44.246
171.8 8.27574 -43.4468
171.85 5.63257 -42.5258
171.9 3.02075 -41.4528
171.95 0.445709 -40.1881
172 -2.08903 -38.6779
172.05 -4.58154 -36.8494
172.1 -7.03123 -34.6027
172.15 -9.4386 -31.7999
172.2 -11.8052 -28.253
172.25 -14.1335 -23.7129
172.3 -16.4272 -17.8775
172.35 -18.6911 -10.4575
172.4 -20.9313 -1.38089
172.45 -23.156 8.81975
172.5 -25.3752 18.7256
172.55 -27.6011 26.551
172.6 -29.8488 31.3453
172.65 -32.1361 33.4236
172.7 -34.4832 33.6586
172.75 -36.9127 32.7907
172.8 -39.4475 31.2695
172.85 -42.1087 29.3403
172.9 -44.9103 27.1406
172.95 -47.852 24.7556
173 -50.908 22.2433
173.05 -54.0163 19.6465
173.1 -57.0726 16.998
173.15 -59.9385 14.3236
173.2 -62.4712 11.6431
173.25 -64.5653 8.97196
173.3 -66.1845 6.32178
173.35 -67.3621 3.70114
173.4 -68.175 1.11606
173.45 -68.7121 -1.42948
173.5 -69.0531 -3.93315
173.55 -69.26 -6.39404
173.6 -69.3775 -8.81238
173.65 -69.4357 -11.1894
173.7 -69.4549 -13.5275
173.75 -69.4483 -15.8298
173.8 -69.4243 -18.101
173.85 -69.3886 -20.3467
173.9 -69.3447 -22.5746
173.95 -69.295 -24.7941
174 -69.2411 -27.0169
174.05 -69.184 -29.2574
174.1 -69.1243 -31.5324
174.15 -69.0625 -33.8617
174.2 -68.999 -36.2674
174.25 -68.9339 -38.7724
174.3 -68.8674 -41.3988
174.35 -68.7995 -44.163
174.4 -68.7304 -47.0692
174.45 -68.6601 -50.0996
174.5 -68.5887 -53.2026
174.55 -68.516 -56.2849
174.6 -68.4423 -59.215
174.65 -68.3674 -61.8473
174.7 -68.2915 -64.0629
174.75 -68.2144 -65.8057
174.8 -68.1362 -67.0926
174.85 -68.057 -67.9924
174.9 -67.9767 -68.5934
174.95 -67.8953 -68.979
175 -67.8128 -69.216
175.05 -67.7293 -69.3535
175.1 -67.6447 -69.4249
175.15 -67.5591 -69.4528
175.2 -67.4725 -69.452
175.25 -67.3848 -69.4319
175.3 -67.2961 -69.3988
175.35 -67.2064 -69.3568
175.4 -67.1157 -69.3085
175.45 -67.024 -69.2556
175.5 -66.9313 -69.1992
175.55 -66.8376 -69.1401
175.6 -66.743 -69.0789
175.65 -66.6474 -69.0158
175.7 -66.551 -68.9511
175.75 -66.4535 -68.8849
175.8 -66.3552 -68.8174
175.85 -66.256 -68.7486
175.9 -66.156 -68.6787
175.95 -66.055 -68.6075
176 -65.9533 -68.5352
176.05 -65.8507 -68.4617
176.1 -65.7473 -68.3871
176.15 -65.6431 -68.3114
176.2 -65.5382 -68.2347
176.25 -65.4325 -68.1568
176.3 -65.3261 -68.0778
176.35 -65.2189 -67.9978
176.4 -65.1111 -67.9167
176.45 -65.0026 -67.8345
176.5 -64.8935 -67.7513
176.55 -64.7838 -67.667
176.6 -64.6734 -67.5816
176.65 -64.5625 -67.4953
176.7 -64.451 -67.4079
176.75 -64.339 -67.3194
176.8 -64.2265 -67.23
176.85 -64.1135 -67.1395
176.9 -64 -67.0481
176.95 -63.8861 -66.9556
177 -63.7718 -66.8622
177.05 -63.6571 -66.7679
177.1 -63.5421 -66.6726
177.15 -63.4266 -66.5763
177.2 -63.3109 -66.4791
177.25 -63.1949 -66.3811
177.3 -63.0786 -66.2821
177.35 -62.962 -66.1822
177.4 -62.8453 -66.0815
177.45 -62.7283 -65.98
177.5 -62.6111 -65.8776
177.55 -62.4939 -65.7744
177.6 -62.3764 -65.6705
177.65 -62.2589 -65.5657
177.7 -62.1413 -65.4602
177.75 -62.0236 -65.354
177.8 -61.9058 -65.247
177.85 -61.7881 -65.1394
177.9 -61.6703 -65.0311
177.95 -61.5526 -64.9222
178 -61.4349 -64.8126
178.05 -61.3172 -64.7024
178.1 -61.1997 -64.5916
178.15 -61.0822 -64.4803
178.2 -60.9648 -64.3684
178.25 -60.8476 -64.256
178.3 -60.7305 -64.1431
178.35 -60.6136 -64.0298
178.4 -60.4968 -63.916
178.45 -60.3803 -63.8018
178.5 -60.2639 -63.6872
178.55 -60.1478 -63.5722
178.6 -60.0319 -63.4569
178.65 -59.9162 -63.3412
178.7 -59.8007 -63.2253
178.75 -59.6856 -63.1091
178.8 -59.5707 -62.9926
178.85 -59.456 -62.8759
178.9 -59.3417 -62.7589
178.95 -59.2276 -62.6418
179 -59.1138 -62.5246
179.05 -59.0004 -62.4072
179.1 -58.8872 -62.2897
179.15 -58.7743 -62.1721
179.2 -58.6618 -62.0544
179.25 -58.5495 -61.9367
179.3 -58.4376 -61.8189
179.35 -58.326 -61.7012
179.4 -58.2147 -61.5834
179.45 -58.1036 -61.4657
179.5 -57.9929 -61.348
179.55 -57.8825 -61.2304
179.6 -57.7724 -61.113
179.65 -57.6625 -60.9956
179.7 -57.5529 -60.8783
179.75 -57.4436 -60.7612
179.8 -57.3346 -60.6442
179.85 -57.2258 -60.5274
179.9 -57.1172 -60.4108
179.95 -57.0089 -60.2944
180 -56.9008 -60.1782
180.05 -56.7929 -60.0622
180.1 -56.6851 -59.9464
180.15 -56.5775 -59.8309
180.2 -56.4701 -59.7157
180.25 -56.3628 -59.6007
180.3 -56.2556 -59.486
180.35 -56.1485 -59.3716
180.4 -56.0414 -59.2574
180.45 -55.9344 -59.1436
180.5 -55.8274 -59.0301
180.55 -55.7203 -58.9168
180.6 -55.6133 -58.8039
180.65 -55.5061 -58.6912
180.7 -55.3988 -58.5789
180.75 -55.2914 -58.4669
180.8 -55.1838 -58.3552
180.85 -55.076 -58.2438
180.9 -54.9679 -58.1327
180.95 -54.8594 -58.0219
181 -54.7507 -57.9114
181.05 -54.6415 -57.8012
181.1 -54.5319 -57.6913
181.15 -54.4217 -57.5816
181.2 -54.311 -57.4722
181.25 -54.1996 -57.3631
181.3 -54.0875 -57.2543
181.35 -53.9746 -57.1456
181.4 -53.8608 -57.0373
181.45 -53.7461 -56.9291
181.5 -53.6304 -56.8211
181.55 -53.5135 -56.7133
181.6 -53.3954 -56.6057
181.65 -53.2759 -56.4982
181.7 -53.155 -56.3909
181.75 -53.0324 -56.2836
181.8 -52.9081 -56.1765
181.85 -52.7818 -56.0694
181.9 -52.6535 -55.9624
181.95 -52.5229 -55.8554
182 -52.3898 -55.7484
182.05 -52.254 -55.6413
182.1 -52.1153 -55.5342
182.15 -51.9734 -55.4269
182.2 -51.8279 -55.3195
182.25 -51.6786 -55.212
182.3 -51.5251 -55.1042
182.35 -51.367 -54.9962
182.4 -51.2038 -54.8879
182.45 -51.035 -54.7792
182.5 -50.86 -54.6701
182.55 -50.6783 -54.5606
182.6 -50.489 -54.4506
182.65 -50.2913 -54.34
182.7 -50.0843 -54.2288
182.75 -49.867 -54.1169
182.8 -49.6379 -54.0042
182.85 -49.3958 -53.8907
182.9 -49.139 -53.7763
182.95 -48.8655 -53.6608
183 -48.573 -53.5442
183.05 -48.2588 -53.4265
183.1 -47.9198 -53.3073
183.15 -47.5521 -53.1868
183.2 -47.1511 -53.0647
183.25 -46.7113 -52.9408
183.3 -46.2258 -52.8151
183.35 -45.6862 -52.6873
183.4 -45.082 -52.5573
183.45 -44.3999 -52.4249
183.5 -43.6231 -52.2899
183.55 -42.7297 -52.1519
183.6 -41.6914 -52.0109
183.65 -40.4707 -51.8664
183.7 -39.0171 -51.7181
183.75 -37.2623 -51.5657
183.8 -35.1129 -51.4089
183.85 -32.44 -51.247
183.9 -29.0671 -51.0797
183.95 -24.7582 -50.9065
184 -19.2198 -50.7266
184.05 -12.1488 -50.5393
184.1 -3.4013 -50.3439
184.15 6.65257 -50.1395
184.2 16.7724 -49.9249
184.25 25.1551 -49.6991
184.3 30.5929 -49.4606
184.35 33.1715 -49.2078
184.4 33.7207 -48.9388
184.45 33.0373 -48.6515
184.5 31.6272 -48.3433
184.55 29.7694 -48.0111
184.6 27.618 -47.6514
184.65 25.2663 -47.2596
184.7 22.7766 -46.8306
184.75 20.1945 -46.3578
184.8 17.5545 -45.8333
184.85 14.8836 -45.2471
184.9 12.203 -44.5869
184.95 9.52883 -43.8367
185 6.87346 -42.9763
185.05 4.24607 -41.9792
185.1 1.65317 -40.8104
185.15 -0.900874 -39.4235
185.2 -3.41342 -37.7555
185.25 -5.88327 -35.7202
185.3 -8.31043 -33.1993
185.35 -10.696 -30.0298
185.4 -13.0419 -25.9923
185.45 -15.3514 -20.8063
185.5 -17.6286 -14.1617
185.55 -19.8791 -5.84614
185.6 -22.11 3.94738
185.65 -24.3304 14.2174
185.7 -26.5514 23.2183
185.75 -28.7869 29.4699
185.8 -31.0531 32.7302
185.85 -33.3694 33.7235
185.9 -35.7572 33.302
185.95 -38.2395 32.0481
186 -40.8389 30.2889
186.05 -43.5734 28.2037
186.1 -46.4506 25.8974
186.15 -49.458 23.4389
186.2 -52.5521 20.8773
186.25 -55.6485 18.2496
186.3 -58.6225 15.5846
186.35 -61.3284 12.9047
186.4 -63.6382 10.2275
186.45 -65.4807 7.56624
186.5 -66.8585 4.9308
186.55 -67.832 2.32836
186.6 -68.4881 -0.236172
186.65 -68.9126 -2.75975
186.7 -69.1761 -5.24082
186.75 -69.3311 -7.6791
186.8 -69.4142 -10.0754
186.85 -69.4498 -12.4314
186.9 -69.454 -14.7501
186.95 -69.4373 -17.0353
187 -69.4066 -19.2922
187.05 -69.3662 -21.5274
187.1 -69.319 -23.7495
187.15 -69.267 -25.9692
187.2 -69.2112 -28.1994
187.25 -69.1527 -30.4558
187.3 -69.0919 -32.757
187.35 -69.0291 -35.1239
187.4 -68.9647 -37.5792
187.45 -68.8989 -40.146
187.5 -68.8316 -42.8438
187.55 -68.7631 -45.6838
187.6 -68.6934 -48.6598
187.65 -68.6225 -51.7376
187.7 -68.5504 -54.844
187.75 -68.4772 -57.8638
187.8 -68.4028 -60.6538
187.85 -68.3274 -63.077
187.9 -68.2508 -65.0446
187.95 -68.1732 -66.54
188 -68.0944 -67.6115
188.05 -68.0146 -68.3421
188.1 -67.9337 -68.8196
188.15 -67.8518 -69.1194
188.2 -67.7688 -69.2987
188.25 -67.6847 -69.3978
188.3 -67.5996 -69.444
188.35 -67.5134 -69.4553
188.4 -67.4262 -69.4433
188.45 -67.338 -69.4157
188.5 -67.2488 -69.3775
188.55 -67.1585 -69.3319
188.6 -67.0673 -69.281
188.65 -66.975 -69.2261
188.7 -66.8818 -69.1682
188.75 -66.7877 -69.108
188.8 -66.6926 -69.0457
188.85 -66.5965 -68.9817
188.9 -66.4995 -68.9163
188.95 -66.4016 -68.8494
189 -66.3029 -68.7812
189.05 -66.2032 -68.7118
189.1 -66.1027 -68.6411
189.15 -66.0013 -68.5694
189.2 -65.8991 -68.4964
189.25 -65.7961 -68.4224
189.3 -65.6923 -68.3472
189.35 -65.5877 -68.271
189.4 -65.4823 -68.1936
189.45 -65.3763 -68.1151
189.5 -65.2695 -68.0356
189.55 -65.162 -67.955
189.6 -65.0538 -67.8733
189.65 -64.945 -67.7906
189.7 -64.8355 -67.7068
189.75 -64.7255 -67.622
189.8 -64.6148 -67.5361
189.85 -64.5036 -67.4491
189.9 -64.3918 -67.3612
189.95 -64.2795 -67.2722
190 -64.1668 -67.1822
190.05 -64.0535 -67.0912
190.1 -63.9398 -66.9993
190.15 -63.8257 -66.9063
190.2 -63.7112 -66.8124
190.25 -63.5963 -66.7175
190.3 -63.481 -66.6217
190.35 -63.3654 -66.525
190.4 -63.2495 -66.4273
190.45 -63.1334 -66.3288
190.5 -63.0169 -66.2294
190.55 -62.9003 -66.1291
190.6 -62.7834 -66.0279
190.65 -62.6663 -65.9259
190.7 -62.5491 -65.8231
190.75 -62.4317 -65.7195
190.8 -62.3142 -65.6151
190.85 -62.1966 -65.51
190.9 -62.079 -65.4041
190.95 -61.9613 -65.2975
191 -61.8435 -65.1902
191.05 -61.7258 -65.0822
191.1 -61.608 -64.9735
191.15 -61.4903 -64.8642
191.2 -61.3726 -64.7543
191.25 -61.255 -64.6438
191.3 -61.1375 -64.5328
191.35 -61.0201 -64.4211
191.4 -60.9028 -64.309
191.45 -60.7856 -64.1963
191.5 -60.6686 -64.0832
191.55 -60.5518 -63.9696
191.6 -60.4351 -63.8556
191.65 -60.3187 -63.7412
191.7 -60.2024 -63.6264
191.75 -60.0864 -63.5112
191.8 -59.9706 -63.3957
191.85 -59.8551 -63.2799
191.9 -59.7398 -63.1638
191.95 -59.6247 -63.0474
192 -59.51 -62.9308
192.05 -59.3955 -62.814
192.1 -59.2813 -62.697
192.15 -59.1674 -62.5798
192.2 -59.0538 -62.4625
192.25 -58.9404 -62.345
192.3 -58.8274 -62.2274
192.35 -58.7147 -62.1098
192.4 -58.6024 -61.9921
192.45 -58.4903 -61.8743
192.5 -58.3785 -61.7566
192.55 -58.267 -61.6388
192.6 -58.1559 -61.5211
192.65 -58.045 -61.4034
192.7 -57.9345 -61.2858
192.75 -57.8242 -61.1683
192.8 -57.7142 -61.0508
192.85 -57.6045 -60.9335
192.9 -57.4951 -60.8163
192.95 -57.3859 -60.6992
193 -57.277 -60.5824
193.05 -57.1683 -60.4657
193.1 -57.0599 -60.3491
193.15 -56.9517 -60.2328
193.2 -56.8436 -60.1168
193.25 -56.7358 -60.0009
193.3 -56.6282 -59.8853
193.35 -56.5207 -59.7699
193.4 -56.4133 -59.6548
193.45 -56.306 -59.54
193.5 -56.1989 -59.4254
193.55 -56.0918 -59.3111
193.6 -55.9848 -59.1972
193.65 -55.8778 -59.0835
193.7 -55.7707 -58.9701
193.75 -55.6637 -58.857
193.8 -55.5566 -58.7442
193.85 -55.4493 -58.6317
193.9 -55.342 -58.5196
193.95 -55.2345 -58.4077
194 -55.1267 -58.2962
194.05 -55.0188 -58.1849
194.1 -54.9105 -58.074
194.15 -54.8019 -57.9634
194.2 -54.6929 -57.853
194.25 -54.5835 -57.743
194.3 -54.4736 -57.6332
194.35 -54.3632 -57.5237
194.4 -54.2521 -57.4145
194.45 -54.1403 -57.3055
194.5 -54.0278 -57.1968
194.55 -53.9145 -57.0883
194.6 -53.8003 -56.98
194.65 -53.685 -56.8719
194.7 -53.5687 -56.764
194.75 -53.4512 -56.6563
194.8 -53.3324 -56.5488
194.85 -53.2121 -56.4414
194.9 -53.0903 -56.3341
194.95 -52.9668 -56.2269
195 -52.8415 -56.1198
195.05 -52.7142 -56.0128
195.1 -52.5847 -55.9058
195.15 -52.4528 -55.7987
195.2 -52.3183 -55.6917
195.25 -52.181 -55.5846
195.3 -52.0406 -55.4774
195.35 -51.8969 -55.3701
195.4 -51.7494 -55.2626
195.45 -51.5979 -55.155
195.5 -51.442 -55.0471
195.55 -51.2813 -54.9389
195.6 -51.1152 -54.8304
195.65 -50.9432 -54.7215
195.7 -50.7647 -54.6122
195.75 -50.5791 -54.5024
195.8 -50.3855 -54.3921
195.85 -50.183 -54.2812
195.9 -49.9707 -54.1697
195.95 -49.7473 -54.0574
196 -49.5115 -53.9443
196.05 -49.2619 -53.8303
196.1 -48.9965 -53.7153
196.15 -48.7132 -53.5993
196.2 -48.4096 -53.4821
196.25 -48.0827 -53.3636
196.3 -47.7291 -53.2437
196.35 -47.3444 -53.1224
196.4 -46.9236 -52.9993
196.45 -46.4606 -52.8745
196.5 -45.9476 -52.7477
196.55 -45.3753 -52.6188
196.6 -44.7317 -52.4876
196.65 -44.0019 -52.3538
196.7 -43.1664 -52.2172
196.75 -42.2004 -52.0777
196.8 -41.071 -51.9348
196.85 -39.7342 -51.7884
196.9 -38.1312 -51.638
196.95 -36.1812 -51.4833
197 -33.7736 -51.3239
197.05 -30.7558 -51.1592
197.1 -26.9209 -50.9888
197.15 -22.0006 -50.8121
197.2 -15.6848 -50.6284
197.25 -7.72231 -50.437
197.3 1.81343 -50.2369
197.35 12.1126 -50.0273
197.4 21.5304 -49.8069
197.45 28.4226 -49.5745
197.5 32.267 -49.3287
197.55 33.658 -49.0676
197.6 33.4738 -48.7892
197.65 32.36 -48.4912
197.7 30.6881 -48.1707
197.75 28.6605 -47.8245
197.8 26.3939 -47.4484
197.85 23.9627 -47.0376
197.9 21.4192 -46.5863
197.95 18.8027 -46.0872
198 16.1434 -45.5315
198.05 13.4651 -44.9079
198.1 10.7861 -44.2023
198.15 8.12059 -43.3966
198.2 5.47907 -42.4676
198.25 2.86926 -41.3847
198.3 0.296499 -40.1072
198.35 -2.23581 -38.5807
198.4 -4.72583 -36.7308
198.45 -7.17302 -34.4558
198.5 -9.57795 -31.6153
198.55 -11.9422 -28.0178
198.6 -14.2684 -23.4107
198.65 -16.5602 -17.49
198.7 -18.8225 -9.97142
198.75 -21.0617 -0.806351
198.8 -23.2857 9.42427
198.85 -25.5049 19.2553
198.9 -27.7317 26.9166
198.95 -29.9812 31.5337
199 -32.2714 33.4795
199.05 -34.6227 33.6325
199.1 -37.0576 32.7167
199.15 -39.5993 31.1663
199.2 -42.2684 29.2182
199.25 -45.0785 27.0058
199.3 -48.0278 24.6119
199.35 -51.0889 22.0936
199.4 -54.1975 19.4929
199.45 -57.2467 16.8423
199.5 -60.0969 14.167
199.55 -62.6063 11.4867
199.6 -64.673 8.81647
199.65 -66.2649 6.16781
199.7 -67.4188 3.54909
199.75 -68.2131 0.966232
199.8 -68.7367 -1.5769
199.85 -69.0683 -4.07809
199.9 -69.269 -6.53648
199.95 -69.3823 -8.95237
