0 20 -30
0.05 20.3739 -24.6287
0.1 20.8693 -23.0123
0.15 21.6845 -21.9201
0.2 23.0729 -20.9232
0.25 25.3544 -19.9544
0.3 28.9804 -19.0025
0.35 34.6726 -18.0652
0.4 43.6484 -17.142
0.45 57.7435 -16.2326
0.5 78.0037 -15.3367
0.55 99.1165 -14.4542
0.6 110.341 -13.5848
0.65 112.809 -12.7282
0.7 113.06 -11.8844
0.75 112.64 -11.0532
0.8 111.715 -10.2342
0.85 110.272 -9.42737
0.9 108.391 -8.63245
0.95 106.382 -7.84926
1 104.714 -7.07759
1.05 103.756 -6.31722
1.1 103.51 -5.56793
1.15 103.614 -4.82951
1.2 103.592 -4.1017
1.25 103.122 -3.38425
1.3 102.118 -2.67689
1.35 100.656 -1.97929
1.4 98.8657 -1.29114
1.45 96.8578 -0.612066
1.5 94.7075 0.0583564
1.55 92.4601 0.720589
1.6 90.1435 1.37516
1.65 87.7761 2.02268
1.7 85.3721 2.66382
1.75 82.9434 3.29939
1.8 80.5001 3.93027
1.85 78.0508 4.55751
1.9 75.6032 5.1823
1.95 73.1634 5.80603
2 70.7369 6.43028
2.05 68.3278 7.05689
2.1 65.9393 7.688
2.15 63.5739 8.32609
2.2 61.2333 8.97405
2.25 58.9186 9.63528
2.3 56.63 10.3138
2.35 54.3674 11.0142
2.4 52.13 11.7423
2.45 49.9164 12.5047
2.5 47.7248 13.3097
2.55 45.5523 14.1671
2.6 43.3953 15.0893
2.65 41.2492 16.0917
2.7 39.1075 17.1934
2.75 36.9625 18.4194
2.8 34.8039 19.8013
2.85 32.619 21.3809
2.9 30.3919 23.2133
2.95 28.1033 25.3722
3 25.7306 27.9565
3.05 23.2478 31.0988
3.1 20.627 34.9743
3.15 17.8413 39.8055
3.2 14.8713 45.848
3.25 11.7145 53.3298
3.3 8.40127 62.2956
3.35 5.01193 72.3505
3.4 1.68693 82.4809
3.45 -1.38713 91.3068
3.5 -4.02602 97.7669
3.55 -6.11309 101.595
3.6 -7.63667 103.167
3.65 -8.67348 103.063
3.7 -9.33973 101.79
3.75 -9.74812 99.7011
3.8 -9.98741 97.0331
3.85 -10.1197 93.9471
3.9 -10.1855 90.5632
3.95 -10.2103 86.9774
4 -10.2097 83.2701
4.05 -10.1932 79.5087
4.1 -10.1665 75.7482
4.15 -10.1333 72.0322
4.2 -10.0956 68.3933
4.25 -10.0548 64.8543
4.3 -10.0117 61.43
4.35 -9.96676 58.1282
4.4 -9.92035 54.9517
4.45 -9.87267 51.8996
4.5 -9.82383 48.9678
4.55 -9.77392 46.1506
4.6 -9.723 43.4404
4.65 -9.67109 40.8281
4.7 -9.61822 38.3033
4.75 -9.56439 35.854
4.8 -9.50963 33.4665
4.85 -9.45391 31.1252
4.9 -9.39726 28.813
4.95 -9.33967 26.5112
5 -9.28114 24.2004
5.05 -9.22166 21.8611
5.1 -9.16124 19.4752
5.15 -9.09987 17.0283
5.2 -9.03756 14.5131
5.25 -8.9743 11.9333
5.3 -8.91009 9.30871
5.35 -8.84493 6.67958
5.4 -8.77882 4.10722
5.45 -8.71177 1.6691
5.5 -8.64376 -0.553944
5.55 -8.57481 -2.49517
5.6 -8.50492 -4.11708
5.65 -8.43408 -5.41705
5.7 -8.3623 -6.4218
5.75 -8.28958 -7.17523
5.8 -8.21594 -7.72628
5.85 -8.14136 -8.12059
5.9 -8.06586 -8.39656
5.95 -7.98944 -8.58451
6 -7.91211 -8.70747
6.05 -7.83387 -8.78255
6.1 -7.75473 -8.82227
6.15 -7.6747 -8.83577
6.2 -7.59378 -8.82969
6.25 -7.51199 -8.80887
6.3 -7.42933 -8.77684
6.35 -7.34581 -8.7362
6.4 -7.26144 -8.68884
6.45 -7.17623 -8.63617
6.5 -7.0902 -8.57926
6.55 -7.00335 -8.51886
6.6 -6.9157 -8.45559
6.65 -6.82725 -8.38987
6.7 -6.73803 -8.32206
6.75 -6.64804 -8.25241
6.8 -6.5573 -8.18112
6.85 -6.46582 -8.10834
6.9 -6.37362 -8.03419
6.95 -6.28072 -7.95878
7 -6.18712 -7.88218
7.05 -6.09284 -7.80445
7.1 -5.9979 -7.72564
7.15 -5.90232 -7.64579
7.2 -5.80612 -7.56494
7.25 -5.7093 -7.48311
7.3 -5.61189 -7.40035
7.35 -5.51391 -7.31666
7.4 -5.41537 -7.23207
7.45 -5.3163 -7.14659
7.5 -5.2167 -7.06026
7.55 -5.11661 -6.97308
7.6 -5.01603 -6.88508
7.65 -4.915 -6.79627
7.7 -4.81352 -6.70666
7.75 -4.71162 -6.61627
7.8 -4.60932 -6.52513
7.85 -4.50664 -6.43323
7.9 -4.40359 -6.34062
7.95 -4.3002 -6.24729
8 -4.19649 -6.15327
8.05 -4.09248 -6.05857
8.1 -3.98818 -5.96321
8.15 -3.88362 -5.86722
8.2 -3.77882 -5.7706
8.25 -3.6738 -5.67337
8.3 -3.56857 -5.57556
8.35 -3.46316 -5.47719
8.4 -3.35759 -5.37827
8.45 -3.25187 -5.27882
8.5 -3.14603 -5.17886
8.55 -3.04008 -5.07841
8.6 -2.93405 -4.9775
8.65 -2.82795 -4.87613
8.7 -2.72179 -4.77434
8.75 -2.61561 -4.67214
8.8 -2.50941 -4.56956
8.85 -2.40322 -4.46661
8.9 -2.29704 -4.36332
8.95 -2.1909 -4.2597
9 -2.08482 -4.15578
9.05 -1.9788 -4.05158
9.1 -1.87287 -3.94712
9.15 -1.76704 -3.84242
9.2 -1.66132 -3.7375
9.25 -1.55573 -3.63239
9.3 -1.45029 -3.5271
9.35 -1.345 -3.42165
9.4 -1.23988 -3.31607
9.45 -1.13494 -3.21037
9.5 -1.03019 -3.10458
9.55 -0.925644 -2.99872
9.6 -0.821316 -2.8928
9.65 -0.717212 -2.78685
9.7 -0.613343 -2.68088
9.75 -0.509717 -2.57492
9.8 -0.406344 -2.46898
9.85 -0.303231 -2.36308
9.9 -0.200386 -2.25724
9.95 -0.0978152 -2.15148
10 0.00447466 -2.04582
10.05 0.106478 -1.94027
10.1 0.20819 -1.83485
10.15 0.309606 -1.72958
10.2 0.410721 -1.62447
10.25 0.511534 -1.51954
10.3 0.61204 -1.4148
10.35 0.712238 -1.31026
10.4 0.812126 -1.20596
10.45 0.911704 -1.10188
10.5 1.01097 -0.998057
10.55 1.10993 -0.894494
10.6 1.20857 -0.791205
10.65 1.30691 -0.688202
10.7 1.40494 -0.585495
10.75 1.50267 -0.483097
10.8 1.6001 -0.381016
10.85 1.69723 -0.279263
10.9 1.79406 -0.177847
10.95 1.89061 -0.0767756
11 1.98688 0.0239426
11.05 2.08288 0.1243
11.1 2.1786 0.22429
11.15 2.27407 0.323906
11.2 2.36928 0.423142
11.25 2.46425 0.521993
11.3 2.55898 0.620454
11.35 2.65349 0.71852
11.4 2.74779 0.816189
11.45 2.84188 0.913456
11.5 2.93579 1.01032
11.55 3.02952 1.10678
11.6 3.12308 1.20283
11.65 3.2165 1.29847
11.7 3.30978 1.3937
11.75 3.40294 1.48852
11.8 3.496 1.58293
11.85 3.58898 1.67694
11.9 3.6819 1.77054
11.95 3.77477 1.86373
12 3.86761 1.95652
12.05 3.96045 2.0489
12.1 4.05331 2.14089
12.15 4.14622 2.23249
12.2 4.23919 2.3237
12.25 4.33226 2.41452
12.3 4.42545 2.50496
12.35 4.51879 2.59503
12.4 4.61231 2.68472
12.45 4.70605 2.77405
12.5 4.80004 2.86303
12.55 4.89431 2.95166
12.6 4.98891 3.03994
12.65 5.08387 3.12789
12.7 5.17924 3.21552
12.75 5.27506 3.30282
12.8 5.37139 3.38982
12.85 5.46826 3.47652
12.9 5.56574 3.56293
12.95 5.66389 3.64906
13 5.76277 3.73492
13.05 5.86244 3.82052
13.1 5.96297 3.90588
13.15 6.06444 3.99101
13.2 6.16694 4.07592
13.25 6.27055 4.16061
13.3 6.37536 4.24511
13.35 6.48149 4.32944
13.4 6.58902 4.41359
13.45 6.6981 4.4976
13.5 6.80884 4.58147
13.55 6.92139 4.66522
13.6 7.03589 4.74887
13.65 7.15253 4.83244
13.7 7.27147 4.91594
13.75 7.39291 4.9994
13.8 7.51708 5.08282
13.85 7.64422 5.16625
13.9 7.77459 5.24968
13.95 7.90848 5.33316
14 8.04623 5.4167
14.05 8.18818 5.50032
14.1 8.33473 5.58405
14.15 8.48635 5.66793
14.2 8.64353 5.75197
14.25 8.80683 5.83621
14.3 8.97689 5.92068
14.35 9.15442 6.00541
14.4 9.34026 6.09044
14.45 9.53532 6.1758
14.5 9.74068 6.26154
14.55 9.95756 6.34769
14.6 10.1874 6.43429
14.65 10.4318 6.5214
14.7 10.6926 6.60906
14.75 10.9723 6.69733
14.8 11.2733 6.78626
14.85 11.5989 6.87591
14.9 11.9528 6.96635
14.95 12.3396 7.05763
15 12.7648 7.14985
15.05 13.2352 7.24307
15.1 13.759 7.33738
15.15 14.3469 7.43287
15.2 15.0119 7.52964
15.25 15.7709 7.6278
15.3 16.6458 7.72745
15.35 17.6651 7.82874
15.4 18.8669 7.93178
15.45 20.3024 8.03674
15.5 22.0419 8.14377
15.55 24.1829 8.25304
15.6 26.8614 8.36476
15.65 30.268 8.47913
15.7 34.6643 8.5964
15.75 40.3896 8.7168
15.8 47.8163 8.84064
15.85 57.1636 8.96823
15.9 68.0513 9.09991
15.95 79.0111 9.23607
16 87.8796 9.37716
16.05 93.3421 9.52366
16.1 95.7161 9.67612
16.15 96.0671 9.83515
16.2 95.2684 10.0014
16.25 93.8141 10.1758
16.3 91.9552 10.3591
16.35 89.8254 10.5524
16.4 87.5051 10.7569
16.45 85.0494 10.9739
16.5 82.4993 11.2051
16.55 79.8873 11.4521
16.6 77.2388 11.7173
16.65 74.5746 12.003
16.7 71.9109 12.3123
16.75 69.2602 12.6488
16.8 66.6323 13.0166
16.85 64.0342 13.421
16.9 61.4709 13.8682
16.95 58.9458 14.3658
17 56.4606 14.9235
17.05 54.0161 15.5531
17.1 51.6117 16.2698
17.15 49.2461 17.0928
17.2 46.9172 18.0471
17.25 44.6216 19.1655
17.3 42.355 20.4915
17.35 40.1118 22.0834
17.4 37.8847 24.0206
17.45 35.6645 26.4113
17.5 33.4396 29.4036
17.55 31.1959 33.1966
17.6 28.9164 38.0455
17.65 26.5813 44.241
17.7 24.1678 52.0133
17.75 21.6517 61.2874
17.8 19.0092 71.3118
17.85 16.2206 80.5599
17.9 13.2781 87.4601
17.95 10.195 91.4303
18 7.01905 92.9561
18.05 3.84304 92.8616
18.1 0.803323 91.7909
18.15 -1.94307 90.1303
18.2 -4.26255 88.0954
18.25 -6.08809 85.8109
18.3 -7.43295 83.3562
18.35 -8.3692 80.7866
18.4 -8.99172 78.1432
18.45 -9.38999 75.4574
18.5 -9.63533 72.7538
18.55 -9.77923 70.0512
18.6 -9.85679 67.364
18.65 -9.89114 64.7029
18.7 -9.89727 62.0755
18.75 -9.88479 59.4871
18.8 -9.85988 56.9409
18.85 -9.82652 54.4386
18.9 -9.78726 51.9805
18.95 -9.74378 49.5657
19 -9.69716 47.1923
19.05 -9.64812 44.8572
19.1 -9.59713 42.5563
19.15 -9.54452 40.284
19.2 -9.49048 38.0332
19.25 -9.43517 35.7949
19.3 -9.37868 33.5578
19.35 -9.32109 31.308
19.4 -9.26243 29.0291
19.45 -9.20273 26.7017
19.5 -9.14203 24.3039
19.55 -9.08033 21.8125
19.6 -9.01764 19.2046
19.65 -8.95397 16.4613
19.7 -8.88933 13.5743
19.75 -8.82372 10.5547
19.8 -8.75715 7.44487
19.85 -8.68961 4.32799
19.9 -8.62112 1.32832
19.95 -8.55167 -1.40766
20 -8.48126 -3.74962
20.05 -8.40991 -5.62385
20.1 -8.3376 -7.03069
20.15 -8.26436 -8.02952
20.2 -8.19017 -8.70704
20.25 -8.11505 -9.14952
20.3 -8.039 -9.42832
20.35 -7.96203 -9.59651
20.4 -7.88414 -9.69114
20.45 -7.80534 -9.73712
20.5 -7.72563 -9.75088
20.55 -7.64503 -9.74317
20.6 -7.56355 -9.72096
20.65 -7.48118 -9.68881
20.7 -7.39794 -9.64972
20.75 -7.31384 -9.60564
20.8 -7.2289 -9.55787
20.85 -7.14311 -9.50727
20.9 -7.0565 -9.45444
20.95 -6.96907 -9.39976
21 -6.88083 -9.34349
21.05 -6.79181 -9.28583
21.1 -6.702 -9.2269
21.15 -6.61144 -9.16677
21.2 -6.52012 -9.10553
21.25 -6.42806 -9.0432
21.3 -6.33529 -8.97982
21.35 -6.24181 -8.91541
21.4 -6.14764 -8.84999
21.45 -6.0528 -8.78357
21.5 -5.9573 -8.71615
21.55 -5.86117 -8.64775
21.6 -5.76441 -8.57836
21.65 -5.66705 -8.508
21.7 -5.5691 -8.43667
21.75 -5.47058 -8.36438
21.8 -5.37152 -8.29112
21.85 -5.27192 -8.21691
21.9 -5.17181 -8.14174
21.95 -5.07121 -8.06564
22 -4.97014 -7.98859
22.05 -4.86862 -7.9106
22.1 -4.76667 -7.83169
22.15 -4.6643 -7.75186
22.2 -4.56154 -7.67112
22.25 -4.45841 -7.58947
22.3 -4.35492 -7.50693
22.35 -4.25111 -7.4235
22.4 -4.14699 -7.33919
22.45 -4.04257 -7.25402
22.5 -3.93789 -7.16799
22.55 -3.83295 -7.08112
22.6 -3.72779 -6.99341
22.65 -3.62242 -6.90488
22.7 -3.51687 -6.81555
22.75 -3.41114 -6.72542
22.8 -3.30527 -6.63451
22.85 -3.19927 -6.54283
22.9 -3.09316 -6.4504
22.95 -2.98696 -6.35723
23 -2.88069 -6.26335
23.05 -2.77437 -6.16875
23.1 -2.66802 -6.07347
23.15 -2.56166 -5.97752
23.2 -2.4553 -5.88091
23.25 -2.34896 -5.78367
23.3 -2.24267 -5.6858
23.35 -2.13642 -5.58734
23.4 -2.03026 -5.48829
23.45 -1.92418 -5.38868
23.5 -1.81821 -5.28853
23.55 -1.71236 -5.18785
23.6 -1.60664 -5.08667
23.65 -1.50108 -4.985
23.7 -1.39568 -4.88287
23.75 -1.29046 -4.78029
23.8 -1.18544 -4.67729
23.85 -1.08061 -4.57389
23.9 -0.976005 -4.47011
23.95 -0.871626 -4.36596
24 -0.767486 -4.26147
24.05 -0.663596 -4.15667
24.1 -0.559966 -4.05156
24.15 -0.456605 -3.94618
24.2 -0.353523 -3.84054
24.25 -0.250726 -3.73467
24.3 -0.148224 -3.62858
24.35 -0.0460237 -3.5223
24.4 0.0558687 -3.41585
24.45 0.157447 -3.30924
24.5 0.258705 -3.2025
24.55 0.359639 -3.09565
24.6 0.460244 -2.98871
24.65 0.560517 -2.8817
24.7 0.660453 -2.77463
24.75 0.760051 -2.66754
24.8 0.859308 -2.56042
24.85 0.958223 -2.45332
24.9 1.0568 -2.34623
24.95 1.15502 -2.23919
25 1.25291 -2.13221
25.05 1.35046 -2.0253
25.1 1.44766 -1.91848
25.15 1.54452 -1.81178
25.2 1.64105 -1.7052
25.25 1.73725 -1.59876
25.3 1.83311 -1.49248
25.35 1.92865 -1.38637
25.4 2.02387 -1.28044
25.45 2.11878 -1.17472
25.5 2.21337 -1.0692
25.55 2.30766 -0.963915
25.6 2.40166 -0.858863
25.65 2.49536 -0.75406
25.7 2.58879 -0.649516
25.75 2.68195 -0.545243
25.8 2.77484 -0.44125
25.85 2.86748 -0.337546
25.9 2.95988 -0.234141
25.95 3.05205 -0.131042
26 3.144 -0.0282574
26.05 3.23574 0.0742057
26.1 3.32729 0.176341
26.15 3.41866 0.278143
26.2 3.50987 0.379605
26.25 3.60092 0.480723
26.3 3.69184 0.581494
26.35 3.78264 0.681913
26.4 3.87334 0.781977
26.45 3.96396 0.881684
26.5 4.05451 0.981032
26.55 4.14503 1.08002
26.6 4.23552 1.17865
26.65 4.32601 1.27691
26.7 4.41652 1.37482
26.75 4.50708 1.47236
26.8 4.59771 1.56955
26.85 4.68844 1.66638
26.9 4.77929 1.76286
26.95 4.87031 1.85899
27 4.96151 1.95477
27.05 5.05293 2.05021
27.1 5.1446 2.14532
27.15 5.23656 2.24009
27.2 5.32886 2.33454
27.25 5.42152 2.42866
27.3 5.5146 2.52248
27.35 5.60813 2.61599
27.4 5.70217 2.70921
27.45 5.79676 2.80214
27.5 5.89197 2.89479
27.55 5.98785 2.98717
27.6 6.08447 3.0793
27.65 6.18188 3.17118
27.7 6.28016 3.26282
27.75 6.37939 3.35424
27.8 6.47965 3.44546
27.85 6.58102 3.53647
27.9 6.68361 3.62731
27.95 6.7875 3.71798
28 6.89282 3.80849
28.05 6.99969 3.89888
28.1 7.10823 3.98914
28.15 7.21858 4.0793
28.2 7.33089 4.16939
28.25 7.44535 4.25941
28.3 7.56211 4.34939
28.35 7.6814 4.43934
28.4 7.80342 4.52931
28.45 7.92842 4.61929
28.5 8.05667 4.70933
28.55 8.18846 4.79945
28.6 8.32411 4.88967
28.65 8.46399 4.98002
28.7 8.6085 5.07053
28.75 8.7581 5.16123
28.8 8.91328 5.25217
28.85 9.07462 5.34336
28.9 9.24277 5.43485
28.95 9.41843 5.52668
29 9.60244 5.61889
29.05 9.79574 5.71152
29.1 9.9994 5.80462
29.15 10.2147 5.89823
29.2 10.4429 5.99242
29.25 10.6859 6.08723
29.3 10.9455 6.18273
29.35 11.224 6.27898
29.4 11.524 6.37604
29.45 11.8488 6.47398
29.5 12.2021 6.5729
29.55 12.5885 6.67286
29.6 13.0136 6.77396
29.65 13.4841 6.8763
29.7 14.0086 6.97998
29.75 14.5975 7.08511
29.8 15.264 7.19181
29.85 16.025 7.30022
29.9 16.9024 7.41049
29.95 17.9247 7.52276
30 19.1299 7.63721
30.05 20.5689 7.75403
30.1 22.3114 7.87342
30.15 24.4533 7.99561
30.2 27.128 8.12085
30.25 30.5207 8.2494
30.3 34.8832 8.38158
30.35 40.5366 8.51772
30.4 47.8257 8.65819
30.45 56.9394 8.80342
30.5 67.5026 8.95386
30.55 78.1425 9.11004
30.6 86.8421 9.27254
30.65 92.3208 9.44204
30.7 94.7916 9.61928
30.75 95.2257 9.80511
30.8 94.4712 10.0005
30.85 93.0307 10.2066
30.9 91.1678 10.4247
30.95 89.0247 10.6563
31 86.6868 10.903
31.05 84.2122 11.167
31.1 81.6437 11.4505
31.15 79.0145 11.7565
31.2 76.3511 12.0882
31.25 73.6742 12.4497
31.3 71.0001 12.8457
31.35 68.3415 13.2821
31.4 65.7078 13.7662
31.45 63.106 14.3069
31.5 60.5408 14.9153
31.55 58.0152 15.6056
31.6 55.5309 16.3957
31.65 53.0882 17.3091
31.7 50.6865 18.3765
31.75 48.3241 19.6387
31.8 45.9984 21.1506
31.85 43.7058 22.9873
31.9 41.4414 25.2523
31.95 39.1989 28.0891
32 36.9704 31.6953
32.05 34.7457 36.3343
32.1 32.5123 42.3295
32.15 30.255 49.9933
32.2 27.9557 59.4008
32.25 25.5935 69.9575
32.3 23.1451 80.1016
32.35 20.5864 87.939
32.4 17.895 92.5765
32.45 15.0556 94.471
32.5 12.0674 94.5739
32.55 8.95619 93.6315
32.6 5.78588 92.0743
32.65 2.66591 90.131
32.7 -0.257822 87.9289
32.75 -2.83466 85.5468
32.8 -4.95512 83.0396
32.85 -6.58416 80.4482
32.9 -7.76037 77.8041
32.95 -8.56675 75.1326
33 -9.09672 72.4533
33.05 -9.43237 69.7815
33.1 -9.63657 67.1288
33.15 -9.7538 64.504
33.2 -9.81405 61.9133
33.25 -9.83702 59.3608
33.3 -9.83546 56.849
33.35 -9.81761 54.3791
33.4 -9.78877 51.9511
33.45 -9.75237 49.5638
33.5 -9.71064 47.2152
33.55 -9.66502 44.9023
33.6 -9.61648 42.6209
33.65 -9.56565 40.3656
33.7 -9.51296 38.1292
33.75 -9.45868 35.9029
33.8 -9.40301 33.6755
33.85 -9.34609 31.4333
33.9 -9.28799 29.1597
33.95 -9.22878 26.8354
34 -9.16851 24.4385
34.05 -9.1072 21.9453
34.1 -9.04487 19.3322
34.15 -8.98154 16.5798
34.2 -8.91722 13.6786
34.25 -8.85192 10.6391
34.3 -8.78563 7.50333
34.35 -8.71838 4.3556
34.4 -8.65015 1.32336
34.45 -8.58096 -1.44203
34.5 -8.5108 -3.80526
34.55 -8.43969 -5.69
34.6 -8.36762 -7.09724
34.65 -8.2946 -8.08942
34.7 -8.22064 -8.75677
34.75 -8.14573 -9.18827
34.8 -8.06988 -9.45689
34.85 -7.99311 -9.6164
34.9 -7.9154 -9.70395
34.95 -7.83678 -9.74435
35 -7.75725 -9.75378
35.05 -7.67681 -9.74272
35.1 -7.59547 -9.71794
35.15 -7.51325 -9.6838
35.2 -7.43015 -9.64315
35.25 -7.34618 -9.59783
35.3 -7.26135 -9.54906
35.35 -7.17567 -9.49765
35.4 -7.08915 -9.44412
35.45 -7.00181 -9.38883
35.5 -6.91366 -9.33203
35.55 -6.8247 -9.27387
35.6 -6.73496 -9.21448
35.65 -6.64444 -9.15393
35.7 -6.55316 -9.09227
35.75 -6.46114 -9.02954
35.8 -6.36838 -8.96577
35.85 -6.27491 -8.90097
35.9 -6.18074 -8.83516
35.95 -6.08589 -8.76834
36 -5.99037 -8.70053
36.05 -5.89421 -8.63173
36.1 -5.79741 -8.56195
36.15 -5.69999 -8.49119
36.2 -5.60198 -8.41946
36.25 -5.5034 -8.34675
36.3 -5.40425 -8.27308
36.35 -5.30457 -8.19845
36.4 -5.20436 -8.12286
36.45 -5.10366 -8.04633
36.5 -5.00247 -7.96885
36.55 -4.90082 -7.89043
36.6 -4.79873 -7.81108
36.65 -4.69622 -7.7308
36.7 -4.5933 -7.64961
36.75 -4.49001 -7.56751
36.8 -4.38636 -7.48451
36.85 -4.28237 -7.40063
36.9 -4.17806 -7.31586
36.95 -4.07346 -7.23022
37 -3.96857 -7.14372
37.05 -3.86343 -7.05638
37.1 -3.75806 -6.9682
37.15 -3.65247 -6.87919
37.2 -3.54669 -6.78938
37.25 -3.44073 -6.69877
37.3 -3.33463 -6.60738
37.35 -3.22838 -6.51522
37.4 -3.12203 -6.42231
37.45 -3.01558 -6.32866
37.5 -2.90906 -6.23428
37.55 -2.80248 -6.13921
37.6 -2.69587 -6.04344
37.65 -2.58924 -5.947
37.7 -2.48261 -5.84991
37.75 -2.376 -5.75218
37.8 -2.26943 -5.65384
37.85 -2.16292 -5.55489
37.9 -2.05647 -5.45537
37.95 -1.95012 -5.35528
38 -1.84387 -5.25466
38.05 -1.73774 -5.15351
38.1 -1.63175 -5.05186
38.15 -1.52591 -4.94973
38.2 -1.42023 -4.84713
38.25 -1.31473 -4.7441
38.3 -1.20943 -4.64065
38.35 -1.10433 -4.5368
38.4 -0.999457 -4.43257
38.45 -0.89481 -4.32798
38.5 -0.790405 -4.22306
38.55 -0.686253 -4.11783
38.6 -0.582364 -4.01231
38.65 -0.478749 -3.90651
38.7 -0.375416 -3.80046
38.75 -0.272374 -3.69418
38.8 -0.169632 -3.5877
38.85 -0.0671962 -3.48103
38.9 0.0349254 -3.3742
38.95 0.136727 -3.26721
39 0.238202 -3.16011
39.05 0.339346 -3.0529
39.1 0.440153 -2.94561
39.15 0.540621 -2.83825
39.2 0.640745 -2.73085
39.25 0.740522 -2.62343
39.3 0.83995 -2.516
39.35 0.939027 -2.40858
39.4 1.03775 -2.3012
39.45 1.13612 -2.19386
39.5 1.23414 -2.0866
39.55 1.33181 -1.97942
39.6 1.42913 -1.87234
39.65 1.52609 -1.76538
39.7 1.62271 -1.65856
39.75 1.71899 -1.55188
39.8 1.81492 -1.44537
39.85 1.91051 -1.33905
39.9 2.00577 -1.23291
39.95 2.10071 -1.12699
40 2.19532 -1.02128
40.05 2.28961 -0.915815
40.1 2.38359 -0.810592
40.15 2.47727 -0.705627
40.2 2.57065 -0.600931
40.25 2.66375 -0.496514
40.3 2.75657 -0.392386
40.35 2.84912 -0.288557
40.4 2.94141 -0.185035
40.45 3.03345 -0.0818288
40.5 3.12525 0.0210548
40.55 3.21683 0.123608
40.6 3.3082 0.225826
40.65 3.39936 0.327701
40.7 3.49034 0.429229
40.75 3.58114 0.530405
40.8 3.67179 0.631224
40.85 3.7623 0.731685
40.9 3.85268 0.831782
40.95 3.94296 0.931516
41 4.03314 1.03088
41.05 4.12326 1.12988
41.1 4.21332 1.22851
41.15 4.30336 1.32678
41.2 4.39338 1.42467
41.25 4.48342 1.5222
41.3 4.5735 1.61937
41.35 4.66365 1.71617
41.4 4.75388 1.81261
41.45 4.84423 1.9087
41.5 4.93472 2.00443
41.55 5.02539 2.09982
41.6 5.11627 2.19486
41.65 5.2074 2.28957
41.7 5.2988 2.38394
41.75 5.39052 2.478
41.8 5.48259 2.57173
41.85 5.57506 2.66516
41.9 5.66798 2.75828
41.95 5.76138 2.85111
42 5.85532 2.94366
42.05 5.94986 3.03594
42.1 6.04505 3.12795
42.15 6.14096 3.21971
42.2 6.23763 3.31124
42.25 6.33516 3.40253
42.3 6.43361 3.49361
42.35 6.53305 3.5845
42.4 6.63359 3.67519
42.45 6.7353 3.76571
42.5 6.83829 3.85608
42.55 6.94267 3.94631
42.6 7.04856 4.03642
42.65 7.15607 4.12642
42.7 7.26535 4.21634
42.75 7.37654 4.30619
42.8 7.48981 4.39599
42.85 7.60534 4.48577
42.9 7.72332 4.57554
42.95 7.84397 4.66534
43 7.96751 4.75519
43.05 8.09421 4.8451
43.1 8.22435 4.93511
43.15 8.35825 5.02525
43.2 8.49626 5.11555
43.25 8.63877 5.20603
43.3 8.78621 5.29673
43.35 8.93908 5.38769
43.4 9.09792 5.47894
43.45 9.26335 5.57053
43.5 9.43606 5.66248
43.55 9.61686 5.75485
43.6 9.80663 5.84767
43.65 10.0064 5.94101
43.7 10.2174 6.03491
43.75 10.4409 6.12943
43.8 10.6786 6.22461
43.85 10.9323 6.32054
43.9 11.2041 6.41727
43.95 11.4966 6.51488
44 11.8128 6.61344
44.05 12.1562 6.71304
44.1 12.5313 6.81376
44.15 12.9432 6.9157
44.2 13.3983 7.01896
44.25 13.9045 7.12366
44.3 14.4716 7.22991
44.35 15.1118 7.33785
44.4 15.8408 7.44762
44.45 16.6786 7.55937
44.5 17.6515 7.67327
44.55 18.794 7.78952
44.6 20.1524 7.9083
44.65 21.7894 8.02985
44.7 23.7913 8.1544
44.75 26.2776 8.28224
44.8 29.4141 8.41365
44.85 33.4277 8.54897
44.9 38.6151 8.68856
44.95 45.3178 8.83285
45 53.7987 8.98228
45.05 63.9156 9.13738
45.1 74.6485 9.29871
45.15 84.1041 9.46694
45.2 90.6364 9.6428
45.25 93.9912 9.82713
45.3 94.9906 10.0209
45.35 94.5622 10.2252
45.4 93.3124 10.4413
45.45 91.5686 10.6706
45.5 89.5043 10.9149
45.55 87.2205 11.1761
45.6 84.7828 11.4566
45.65 82.2386 11.7591
45.7 79.6242 12.0869
45.75 76.9681 12.4438
45.8 74.2929 12.8346
45.85 71.6162 13.265
45.9 68.9517 13.742
45.95 66.3098 14.2743
46 63.6981 14.8727
46.05 61.1221 15.5509
46.1 58.5853 16.3263
46.15 56.0894 17.2216
46.2 53.6354 18.2663
46.25 51.2227 19.4996
46.3 48.8499 20.9743
46.35 46.5147 22.7623
46.4 44.2138 24.9624
46.45 41.9425 27.7117
46.5 39.695 31.1989
46.55 37.4636 35.677
46.6 35.2388 41.4604
46.65 33.0085 48.8673
46.7 30.7584 58.0209
46.75 28.4709 68.4433
46.8 26.1257 78.7044
46.85 23.7002 86.8981
46.9 21.1704 91.9496
46.95 18.5132 94.1625
47 15.7113 94.4645
47.05 12.7599 93.6396
47.1 9.67772 92.1546
47.15 6.51893 90.2586
47.2 3.38232 88.0892
47.25 0.406737 85.7306
47.3 -2.25527 83.2402
47.35 -4.48164 80.6607
47.4 -6.21927 78.0248
47.45 -7.49151 75.3584
47.5 -8.37386 72.682
47.55 -8.95933 70.0112
47.6 -9.33338 67.3583
47.65 -9.56324 64.7323
47.7 -9.69724 62.1396
47.75 -9.76829 59.5846
47.8 -9.79813 57.0701
47.85 -9.80089 54.5973
47.9 -9.7857 52.1662
47.95 -9.75843 49.776
48 -9.72289 47.4248
48.05 -9.68155 45.1095
48.1 -9.63602 42.8261
48.15 -9.58735 40.5694
48.2 -9.53626 38.3324
48.25 -9.4832 36.1065
48.3 -9.42849 33.8806
48.35 -9.37234 31.6413
48.4 -9.31489 29.3725
48.45 -9.25625 27.055
48.5 -9.19648 24.6673
48.55 -9.13562 22.1858
48.6 -9.07372 19.5869
48.65 -9.01079 16.8506
48.7 -8.94685 13.9664
48.75 -8.8819 10.9423
48.8 -8.81597 7.81689
48.85 -8.74906 4.67008
48.9 -8.68116 1.62531
48.95 -8.61229 -1.16737
49 -8.54246 -3.5696
49.05 -8.47165 -5.4983
49.1 -8.39988 -6.94724
49.15 -8.32716 -7.97406
49.2 -8.25348 -8.66749
49.25 -8.17885 -9.11729
49.3 -8.10328 -9.39812
49.35 -8.02677 -9.56545
49.4 -7.94933 -9.65787
49.45 -7.87096 -9.70115
49.5 -7.79167 -9.71219
49.55 -7.71146 -9.70191
49.6 -7.63036 -9.67737
49.65 -7.54835 -9.64312
49.7 -7.46546 -9.60213
49.75 -7.3817 -9.55632
49.8 -7.29706 -9.50696
49.85 -7.21157 -9.45488
49.9 -7.12523 -9.40064
49.95 -7.03805 -9.34461
50 -6.95005 -9.28703
50.05 -6.86124 -9.22809
50.1 -6.77164 -9.1679
50.15 -6.68125 -9.10653
50.2 -6.59009 -9.04404
50.25 -6.49817 -8.98047
50.3 -6.40552 -8.91586
50.35 -6.31214 -8.85021
50.4 -6.21805 -8.78354
50.45 -6.12327 -8.71586
50.5 -6.02781 -8.64719
50.55 -5.93169 -8.57752
50.6 -5.83493 -8.50687
50.65 -5.73754 -8.43524
50.7 -5.63955 -8.36262
50.75 -5.54097 -8.28904
50.8 -5.44182 -8.21449
50.85 -5.34212 -8.13898
50.9 -5.2419 -8.06251
50.95 -5.14116 -7.98509
51 -5.03993 -7.90673
51.05 -4.93822 -7.82743
51.1 -4.83607 -7.7472
51.15 -4.73349 -7.66604
51.2 -4.63049 -7.58397
51.25 -4.52711 -7.501
51.3 -4.42336 -7.41713
51.35 -4.31926 -7.33237
51.4 -4.21483 -7.24674
51.45 -4.1101 -7.16024
51.5 -4.00508 -7.07289
51.55 -3.8998 -6.9847
51.6 -3.79428 -6.89567
51.65 -3.68853 -6.80583
51.7 -3.58258 -6.71519
51.75 -3.47646 -6.62376
51.8 -3.37017 -6.53155
51.85 -3.26374 -6.43859
51.9 -3.15719 -6.34488
51.95 -3.05054 -6.25044
52 -2.94381 -6.15529
52.05 -2.83702 -6.05945
52.1 -2.73019 -5.96292
52.15 -2.62334 -5.86574
52.2 -2.51649 -5.76792
52.25 -2.40965 -5.66947
52.3 -2.30284 -5.57042
52.35 -2.19609 -5.47078
52.4 -2.0894 -5.37057
52.45 -1.9828 -5.26982
52.5 -1.8763 -5.16854
52.55 -1.76993 -5.06675
52.6 -1.66368 -4.96448
52.65 -1.55758 -4.86174
52.7 -1.45165 -4.75855
52.75 -1.3459 -4.65494
52.8 -1.24034 -4.55093
52.85 -1.13498 -4.44654
52.9 -1.02985 -4.34178
52.95 -0.924943 -4.23669
53 -0.820281 -4.13128
53.05 -0.715873 -4.02557
53.1 -0.611729 -3.91959
53.15 -0.507861 -3.81336
53.2 -0.404276 -3.70689
53.25 -0.300986 -3.60022
53.3 -0.197997 -3.49335
53.35 -0.0953185 -3.38632
53.4 0.00704299 -3.27914
53.45 0.10908 -3.17184
53.5 0.210788 -3.06442
53.55 0.312159 -2.95693
53.6 0.41319 -2.84937
53.65 0.513876 -2.74177
53.7 0.614213 -2.63414
53.75 0.714197 -2.5265
53.8 0.813826 -2.41888
53.85 0.913099 -2.31129
53.9 1.01201 -2.20375
53.95 1.11057 -2.09628
54 1.20876 -1.9889
54.05 1.30659 -1.88162
54.1 1.40407 -1.77446
54.15 1.50119 -1.66744
54.2 1.59795 -1.56057
54.25 1.69435 -1.45387
54.3 1.79041 -1.34735
54.35 1.88612 -1.24103
54.4 1.98148 -1.13492
54.45 2.07651 -1.02904
54.5 2.17121 -0.92339
54.55 2.26557 -0.817993
54.6 2.35962 -0.712859
54.65 2.45335 -0.607997
54.7 2.54677 -0.50342
54.75 2.63989 -0.399136
54.8 2.73272 -0.295156
54.85 2.82527 -0.191489
54.9 2.91755 -0.0881422
54.95 3.00956 0.0148758
55 3.10132 0.117558
55.05 3.19285 0.219898
55.1 3.28414 0.321889
55.15 3.37521 0.423526
55.2 3.46609 0.524805
55.25 3.55677 0.62572
55.3 3.64728 0.726269
55.35 3.73763 0.826448
55.4 3.82784 0.926254
55.45 3.91791 1.02569
55.5 4.00788 1.12474
55.55 4.09776 1.22342
55.6 4.18756 1.32173
55.65 4.27731 1.41966
55.7 4.36702 1.51721
55.75 4.45673 1.61439
55.8 4.54645 1.71119
55.85 4.6362 1.80763
55.9 4.72601 1.9037
55.95 4.81591 1.99941
56 4.90593 2.09476
56.05 4.99609 2.18976
56.1 5.08642 2.28441
56.15 5.17696 2.37872
56.2 5.26774 2.47269
56.25 5.35879 2.56633
56.3 5.45015 2.65965
56.35 5.54187 2.75266
56.4 5.63398 2.84536
56.45 5.72653 2.93777
56.5 5.81956 3.02989
56.55 5.91313 3.12173
56.6 6.00729 3.21331
56.65 6.1021 3.30463
56.7 6.19761 3.39572
56.75 6.29389 3.48657
56.8 6.39101 3.5772
56.85 6.48905 3.66764
56.9 6.58808 3.75788
56.95 6.68819 3.84795
57 6.78947 3.93786
57.05 6.89202 4.02763
57.1 6.99594 4.11728
57.15 7.10136 4.20682
57.2 7.2084 4.29627
57.25 7.31719 4.38565
57.3 7.42788 4.47499
57.35 7.54063 4.56429
57.4 7.65563 4.65359
57.45 7.77306 4.74292
57.5 7.89313 4.83228
57.55 8.01608 4.92171
57.6 8.14217 5.01124
57.65 8.27167 5.10089
57.7 8.4049 5.1907
57.75 8.54221 5.28069
57.8 8.68399 5.3709
57.85 8.83066 5.46136
57.9 8.98272 5.5521
57.95 9.14071 5.64318
58 9.30523 5.73462
58.05 9.47697 5.82647
58.1 9.65674 5.91877
58.15 9.8454 6.01159
58.2 10.044 6.10495
58.25 10.2537 6.19893
58.3 10.4758 6.29357
58.35 10.712 6.38895
58.4 10.964 6.48512
58.45 11.2339 6.58216
58.5 11.5243 6.68014
58.55 11.8382 6.77915
58.6 12.179 6.87928
58.65 12.5511 6.98061
58.7 12.9596 7.08325
58.75 13.4108 7.18732
58.8 13.9124 7.29293
58.85 14.474 7.4002
58.9 15.1077 7.50929
58.95 15.8289 7.62035
59 16.6571 7.73354
59.05 17.6179 7.84904
59.1 18.7453 7.96707
59.15 20.0841 8.08783
59.2 21.6957 8.21157
59.25 23.6636 8.33856
59.3 26.1039 8.46909
59.35 29.1771 8.6035
59.4 33.1034 8.74214
59.45 38.1711 8.88542
59.5 44.716 9.0338
59.55 53.0106 9.18779
59.6 62.9602 9.34795
59.65 73.6384 9.51494
59.7 83.2211 9.68948
59.75 90.0052 9.8724
59.8 93.6062 10.0646
59.85 94.777 10.2673
59.9 94.4511 10.4816
59.95 93.2611 10.7091
60 91.5535 10.9512
60.05 89.5126 11.2101
60.1 87.2442 11.4881
60.15 84.8168 11.7877
60.2 82.2795 12.1122
60.25 79.6694 12.4655
60.3 77.0157 12.8522
60.35 74.3415 13.2778
60.4 71.6647 13.7493
60.45 68.9995 14.2752
60.5 66.3565 14.8659
60.55 63.7433 15.5349
60.6 61.1656 16.2992
60.65 58.6269 17.1807
60.7 56.1293 18.2081
60.75 53.6735 19.4195
60.8 51.2592 20.8658
60.85 48.8849 22.6165
60.9 46.5484 24.7668
60.95 44.2463 27.4484
61 41.9741 30.8427
61.05 39.726 35.1932
61.1 37.4942 40.8053
61.15 35.2693 47.9967
61.2 33.0395 56.9204
61.25 30.7901 67.1857
61.3 28.504 77.4804
61.35 26.1608 85.922
61.4 23.738 91.3058
61.45 21.2116 93.7934
61.5 18.5588 94.273
61.55 15.762 93.5531
61.6 12.8163 92.1305
61.65 9.74 90.2738
61.7 6.58647 88.1302
61.75 3.45338 85.789
61.8 0.478511 83.3104
61.85 -2.18612 80.7385
61.9 -4.418 78.1073
61.95 -6.16269 75.4435
62 -7.44206 72.7679
62.05 -8.33053 70.0969
62.1 -8.92069 67.4428
62.15 -9.29804 64.8151
62.2 -9.53007 62.2203
62.25 -9.66537 59.663
62.3 -9.73711 57.146
62.35 -9.76722 54.6708
62.4 -9.76996 52.2375
62.45 -9.75456 49.8451
62.5 -9.72694 47.4918
62.55 -9.69097 45.1748
62.6 -9.64913 42.89
62.65 -9.60305 40.6322
62.7 -9.55381 38.3945
62.75 -9.50211 36.1683
62.8 -9.44843 33.9427
62.85 -9.39309 31.7044
62.9 -9.33629 29.4374
62.95 -9.27819 27.1226
63 -9.21888 24.7385
63.05 -9.15844 22.2618
63.1 -9.09691 19.669
63.15 -9.03432 16.9399
63.2 -8.9707 14.0637
63.25 -8.90606 11.0478
63.3 -8.84042 7.92958
63.35 -8.77379 4.78727
63.4 -8.70617 1.74256
63.45 -8.63756 -1.05554
63.5 -8.56798 -3.46822
63.55 -8.49743 -5.41037
63.6 -8.42591 -6.87314
63.65 -8.35342 -7.91212
63.7 -8.27997 -8.61509
63.75 -8.20557 -9.07178
63.8 -8.13022 -9.35728
63.85 -8.05392 -9.52762
63.9 -7.97669 -9.62185
63.95 -7.89852 -9.66614
64 -7.81943 -9.67763
64.05 -7.73941 -9.66744
64.1 -7.65849 -9.64274
64.15 -7.57666 -9.60817
64.2 -7.49394 -9.56675
64.25 -7.41033 -9.52043
64.3 -7.32585 -9.47051
64.35 -7.2405 -9.41782
64.4 -7.1543 -9.36295
64.45 -7.06726 -9.30627
64.5 -6.97939 -9.24803
64.55 -6.8907 -9.18841
64.6 -6.8012 -9.12753
64.65 -6.71091 -9.06546
64.7 -6.61984 -9.00228
64.75 -6.52801 -8.938
64.8 -6.43543 -8.87267
64.85 -6.34212 -8.8063
64.9 -6.24809 -8.73891
64.95 -6.15336 -8.67051
65 -6.05794 -8.60111
65.05 -5.96185 -8.53071
65.1 -5.86512 -8.45932
65.15 -5.76775 -8.38695
65.2 -5.66977 -8.31361
65.25 -5.57119 -8.23929
65.3 -5.47203 -8.164
65.35 -5.37232 -8.08775
65.4 -5.27207 -8.01054
65.45 -5.17129 -7.93238
65.5 -5.07002 -7.85328
65.55 -4.96827 -7.77325
65.6 -4.86606 -7.69228
65.65 -4.76341 -7.6104
65.7 -4.66035 -7.5276
65.75 -4.55688 -7.4439
65.8 -4.45304 -7.35931
65.85 -4.34885 -7.27383
65.9 -4.24432 -7.18748
65.95 -4.13948 -7.10028
66 -4.03434 -7.01222
66.05 -3.92894 -6.92333
66.1 -3.82329 -6.83361
66.15 -3.7174 -6.74308
66.2 -3.61131 -6.65176
66.25 -3.50503 -6.55965
66.3 -3.39859 -6.46678
66.35 -3.292 -6.37316
66.4 -3.18529 -6.2788
66.45 -3.07847 -6.18372
66.5 -2.97157 -6.08794
66.55 -2.8646 -5.99147
66.6 -2.75758 -5.89433
66.65 -2.65055 -5.79655
66.7 -2.5435 -5.69813
66.75 -2.43646 -5.59911
66.8 -2.32946 -5.49948
66.85 -2.2225 -5.39929
66.9 -2.11561 -5.29853
66.95 -2.00881 -5.19725
67 -1.9021 -5.09545
67.05 -1.79551 -4.99315
67.1 -1.68905 -4.89039
67.15 -1.58274 -4.78717
67.2 -1.47659 -4.68351
67.25 -1.37062 -4.57945
67.3 -1.26485 -4.475
67.35 -1.15927 -4.37019
67.4 -1.05392 -4.26502
67.45 -0.948799 -4.15954
67.5 -0.84392 -4.05375
67.55 -0.739297 -3.94768
67.6 -0.634939 -3.84135
67.65 -0.530857 -3.73478
67.7 -0.427062 -3.628
67.75 -0.323563 -3.52102
67.8 -0.220367 -3.41387
67.85 -0.117484 -3.30657
67.9 -0.0149213 -3.19914
67.95 0.0873146 -3.09159
68 0.189217 -2.98396
68.05 0.29078 -2.87626
68.1 0.391998 -2.76851
68.15 0.492867 -2.66073
68.2 0.593383 -2.55295
68.25 0.693541 -2.44517
68.3 0.79334 -2.33742
68.35 0.892776 -2.22972
68.4 0.991848 -2.12209
68.45 1.09055 -2.01454
68.5 1.1889 -1.90709
68.55 1.28687 -1.79976
68.6 1.38448 -1.69257
68.65 1.48172 -1.58553
68.7 1.5786 -1.47866
68.75 1.67512 -1.37196
68.8 1.77129 -1.26547
68.85 1.86709 -1.15919
68.9 1.96255 -1.05313
68.95 2.05766 -0.947307
69 2.15242 -0.841738
69.05 2.24685 -0.736432
69.1 2.34095 -0.6314
69.15 2.43472 -0.526654
69.2 2.52818 -0.422204
69.25 2.62133 -0.318059
69.3 2.71418 -0.214229
69.35 2.80673 -0.110723
69.4 2.899 -0.00754799
69.45 2.99099 0.0952876
69.5 3.08272 0.197777
69.55 3.1742 0.299915
69.6 3.26544 0.401694
69.65 3.35645 0.50311
69.7 3.44724 0.604159
69.75 3.53783 0.704836
69.8 3.62822 0.805139
69.85 3.71845 0.905063
69.9 3.80851 1.00461
69.95 3.89843 1.10377
70 3.98823 1.20255
70.05 4.07791 1.30095
70.1 4.1675 1.39896
70.15 4.25702 1.4966
70.2 4.34649 1.59385
70.25 4.43593 1.69072
70.3 4.52536 1.78722
70.35 4.6148 1.88334
70.4 4.70428 1.97909
70.45 4.79382 2.07447
70.5 4.88345 2.16949
70.55 4.9732 2.26416
70.6 5.06309 2.35847
70.65 5.15316 2.45244
70.7 5.24344 2.54607
70.75 5.33396 2.63936
70.8 5.42475 2.73233
70.85 5.51587 2.82499
70.9 5.60733 2.91734
70.95 5.6992 3.00939
71 5.79151 3.10115
71.05 5.88431 3.19263
71.1 5.97764 3.28385
71.15 6.07157 3.37481
71.2 6.16616 3.46553
71.25 6.26145 3.55601
71.3 6.35752 3.64628
71.35 6.45443 3.73635
71.4 6.55227 3.82622
71.45 6.6511 3.91592
71.5 6.75102 4.00546
71.55 6.85212 4.09486
71.6 6.9545 4.18413
71.65 7.05826 4.27329
71.7 7.16353 4.36237
71.75 7.27042 4.45137
71.8 7.37908 4.54033
71.85 7.48966 4.62926
71.9 7.60231 4.71818
71.95 7.71722 4.80712
72 7.83458 4.89611
72.05 7.9546 4.98516
72.1 8.07752 5.07431
72.15 8.2036 5.16358
72.2 8.33312 5.253
72.25 8.4664 5.3426
72.3 8.60379 5.43243
72.35 8.74568 5.5225
72.4 8.89252 5.61286
72.45 9.04478 5.70354
72.5 9.20302 5.79459
72.55 9.36785 5.88605
72.6 9.53998 5.97796
72.65 9.7202 6.07037
72.7 9.90941 6.16334
72.75 10.1086 6.25691
72.8 10.3191 6.35115
72.85 10.5421 6.44612
72.9 10.7793 6.54188
72.95 11.0326 6.63851
73 11.304 6.73607
73.05 11.5961 6.83466
73.1 11.912 6.93436
73.15 12.2552 7.03526
73.2 12.6301 7.13747
73.25 13.042 7.24109
73.3 13.4972 7.34625
73.35 14.0036 7.45308
73.4 14.571 7.5617
73.45 15.2118 7.67229
73.5 15.9416 7.785
73.55 16.7805 7.90002
73.6 17.7548 8.01755
73.65 18.899 8.1378
73.7 20.2594 8.26102
73.75 21.8988 8.38748
73.8 23.903 8.51747
73.85 26.3912 8.65131
73.9 29.5278 8.78937
73.95 33.5373 8.93206
74 38.7116 9.07982
74.05 45.3834 9.23316
74.1 53.8031 9.39266
74.15 63.8194 9.55895
74.2 74.425 9.73275
74.25 83.7721 9.91491
74.3 90.2547 10.1064
74.35 93.6105 10.3082
74.4 94.629 10.5216
74.45 94.2172 10.748
74.5 92.977 10.9892
74.55 91.2373 11.247
74.6 89.174 11.5237
74.65 86.8895 11.8219
74.7 84.4506 12.145
74.75 81.9052 12.4967
74.8 79.2901 12.8815
74.85 76.6338 13.3051
74.9 73.9589 13.7742
74.95 71.2832 14.2972
75 68.6203 14.8848
75.05 65.9805 15.5499
75.1 63.3713 16.3095
75.15 60.7982 17.1853
75.2 58.2644 18.2056
75.25 55.7719 19.4079
75.3 53.3213 20.8425
75.35 50.912 22.5777
75.4 48.5427 24.7071
75.45 46.2108 27.36
75.5 43.9129 30.7144
75.55 41.6442 35.009
75.6 39.3986 40.544
75.65 37.1684 47.6341
75.7 34.9437 56.4416
75.75 32.7121 66.6103
75.8 30.459 76.8846
75.85 28.1665 85.4078
75.9 25.814 90.9288
75.95 23.3788 93.5414
76 20.837 94.1062
76.05 18.1661 93.4377
76.1 15.3502 92.0456
76.15 12.3868 90.2075
76.2 9.29871 88.0758
76.25 6.1451 85.7424
76.3 3.02981 83.2689
76.35 0.0942977 80.7003
76.4 -2.51128 78.0711
76.45 -4.67264 75.4085
76.5 -6.34667 72.7335
76.55 -7.56441 70.0626
76.6 -8.40458 67.4084
76.65 -8.95965 64.7803
76.7 -9.31271 62.1852
76.75 -9.52837 59.6275
76.8 -9.65278 57.1101
76.85 -9.71724 54.6346
76.9 -9.74241 52.2009
76.95 -9.74173 49.8083
77 -9.72386 47.4549
77.05 -9.6944 45.1377
77.1 -9.65697 42.8529
77.15 -9.61393 40.595
77.2 -9.56682 38.3574
77.25 -9.51665 36.1312
77.3 -9.46409 33.9056
77.35 -9.40959 31.6673
77.4 -9.35346 29.4001
77.45 -9.29589 27.0851
77.5 -9.23703 24.7008
77.55 -9.17697 22.2238
77.6 -9.11577 19.6308
77.65 -9.05349 16.9018
77.7 -8.99014 14.0262
77.75 -8.92577 11.0118
77.8 -8.86038 7.89645
77.85 -8.79398 4.75883
77.9 -8.72659 1.72074
77.95 -8.6582 -1.0692
78 -8.58883 -3.47313
78.05 -8.51849 -5.40709
78.1 -8.44717 -6.86307
78.15 -8.37488 -7.89697
78.2 -8.30162 -8.59637
78.25 -8.22741 -9.05065
78.3 -8.15224 -9.3345
78.35 -8.07612 -9.50368
78.4 -7.99905 -9.59703
78.45 -7.92105 -9.64061
78.5 -7.84212 -9.65148
78.55 -7.76226 -9.64072
78.6 -7.68148 -9.61548
78.65 -7.5998 -9.58038
78.7 -7.51721 -9.53843
78.75 -7.43374 -9.49158
78.8 -7.34938 -9.44112
78.85 -7.26416 -9.3879
78.9 -7.17807 -9.33249
78.95 -7.09113 -9.27527
79 -7.00336 -9.21648
79.05 -6.91476 -9.15631
79.1 -6.82535 -9.09487
79.15 -6.73514 -9.03224
79.2 -6.64415 -8.96849
79.25 -6.55239 -8.90365
79.3 -6.45987 -8.83775
79.35 -6.36661 -8.77081
79.4 -6.27263 -8.70285
79.45 -6.17793 -8.63387
79.5 -6.08255 -8.56389
79.55 -5.98649 -8.49291
79.6 -5.88977 -8.42095
79.65 -5.79242 -8.348
79.7 -5.69444 -8.27407
79.75 -5.59586 -8.19916
79.8 -5.49669 -8.12329
79.85 -5.39696 -8.04646
79.9 -5.29669 -7.96867
79.95 -5.19589 -7.88994
80 -5.09458 -7.81026
80.05 -4.99278 -7.72964
80.1 -4.89052 -7.6481
80.15 -4.78782 -7.56564
80.2 -4.68469 -7.48228
80.25 -4.58116 -7.39801
80.3 -4.47724 -7.31285
80.35 -4.37297 -7.22681
80.4 -4.26835 -7.13991
80.45 -4.16341 -7.05215
80.5 -4.05818 -6.96354
80.55 -3.95267 -6.8741
80.6 -3.84691 -6.78384
80.65 -3.74091 -6.69278
80.7 -3.6347 -6.60093
80.75 -3.52829 -6.5083
80.8 -3.42172 -6.41492
80.85 -3.315 -6.32078
80.9 -3.20814 -6.22592
80.95 -3.10118 -6.13035
81 -2.99413 -6.03408
81.05 -2.88701 -5.93713
81.1 -2.77984 -5.83953
81.15 -2.67264 -5.74128
81.2 -2.56543 -5.64241
81.25 -2.45824 -5.54294
81.3 -2.35106 -5.44288
81.35 -2.24394 -5.34226
81.4 -2.13687 -5.2411
81.45 -2.02989 -5.1394
81.5 -1.92301 -5.03721
81.55 -1.81624 -4.93453
81.6 -1.7096 -4.83139
81.65 -1.60311 -4.72781
81.7 -1.49679 -4.6238
81.75 -1.39063 -4.5194
81.8 -1.28467 -4.41463
81.85 -1.17892 -4.30949
81.9 -1.07338 -4.20403
81.95 -0.968081 -4.09825
82 -0.863021 -3.99218
82.05 -0.758216 -3.88584
82.1 -0.653679 -3.77925
82.15 -0.549419 -3.67244
82.2 -0.445447 -3.56543
82.25 -0.341771 -3.45824
82.3 -0.238403 -3.35088
82.35 -0.135348 -3.24339
82.4 -0.0326166 -3.13577
82.45 0.0697855 -3.02806
82.5 0.171851 -2.92028
82.55 0.273575 -2.81243
82.6 0.37495 -2.70455
82.65 0.475973 -2.59666
82.7 0.576638 -2.48877
82.75 0.676942 -2.3809
82.8 0.776883 -2.27307
82.85 0.876456 -2.1653
82.9 0.975661 -2.05762
82.95 1.0745 -1.95002
83 1.17296 -1.84254
83.05 1.27105 -1.7352
83.1 1.36877 -1.62799
83.15 1.46612 -1.52096
83.2 1.56311 -1.4141
83.25 1.65972 -1.30743
83.3 1.75597 -1.20097
83.35 1.85186 -1.09474
83.4 1.94739 -0.988735
83.45 2.04257 -0.882983
83.5 2.13739 -0.777492
83.55 2.23188 -0.672273
83.6 2.32602 -0.567339
83.65 2.41983 -0.462699
83.7 2.51332 -0.358364
83.75 2.60649 -0.254344
83.8 2.69935 -0.150647
83.85 2.79191 -0.0472825
83.9 2.88417 0.0557427
83.95 2.97615 0.158421
84 3.06786 0.260746
84.05 3.1593 0.362711
84.1 3.25049 0.464311
84.15 3.34144 0.565542
84.2 3.43217 0.666398
84.25 3.52268 0.766877
84.3 3.61298 0.866974
84.35 3.7031 0.966688
84.4 3.79305 1.06602
84.45 3.88284 1.16496
84.5 3.9725 1.26351
84.55 4.06202 1.36168
84.6 4.15144 1.45946
84.65 4.24078 1.55685
84.7 4.33004 1.65386
84.75 4.41926 1.75049
84.8 4.50845 1.84673
84.85 4.59764 1.9426
84.9 4.68684 2.03809
84.95 4.77609 2.13321
85 4.8654 2.22797
85.05 4.95481 2.32237
85.1 5.04435 2.41642
85.15 5.13403 2.51011
85.2 5.2239 2.60347
85.25 5.31398 2.69649
85.3 5.40432 2.78919
85.35 5.49494 2.88157
85.4 5.58588 2.97364
85.45 5.67719 3.06541
85.5 5.7689 3.15689
85.55 5.86107 3.24809
85.6 5.95374 3.33902
85.65 6.04695 3.4297
85.7 6.14078 3.52013
85.75 6.23527 3.61033
85.8 6.33048 3.70032
85.85 6.42648 3.79009
85.9 6.52335 3.87968
85.95 6.62115 3.96909
86 6.71997 4.05835
86.05 6.8199 4.14746
86.1 6.92102 4.23644
86.15 7.02345 4.32532
86.2 7.12728 4.41411
86.25 7.23265 4.50283
86.3 7.33967 4.5915
86.35 7.44849 4.68015
86.4 7.55926 4.76878
86.45 7.67214 4.85744
86.5 7.78733 4.94614
86.55 7.905 5.03491
86.6 8.02539 5.12377
86.65 8.14874 5.21275
86.7 8.2753 5.30189
86.75 8.40537 5.39121
86.8 8.53927 5.48075
86.85 8.67738 5.57054
86.9 8.82007 5.66061
86.95 8.96781 5.75101
87 9.12109 5.84178
87.05 9.28049 5.93295
87.1 9.44663 6.02458
87.15 9.62023 6.11671
87.2 9.80212 6.20939
87.25 9.99322 6.30268
87.3 10.1946 6.39664
87.35 10.4075 6.49132
87.4 10.6333 6.58679
87.45 10.8737 6.68313
87.5 11.1305 6.78041
87.55 11.4061 6.87871
87.6 11.703 6.97812
87.65 12.0245 7.07873
87.7 12.3742 7.18065
87.75 12.7567 7.28398
87.8 13.1775 7.38885
87.85 13.6433 7.49538
87.9 14.1623 7.60371
87.95 14.7449 7.714
88 15.404 7.82642
88.05 16.1563 7.94114
88.1 17.023 8.05836
88.15 18.0319 8.17831
88.2 19.22 8.30123
88.25 20.6366 8.42738
88.3 22.3488 8.55706
88.35 24.4489 8.69059
88.4 27.0644 8.82834
88.45 30.3713 8.9707
88.5 34.6078 9.11815
88.55 40.0765 9.27117
88.6 47.1044 9.43033
88.65 55.8841 9.59629
88.7 66.1098 9.76977
88.75 76.5612 9.95159
88.8 85.3393 10.1427
88.85 91.0903 10.3442
88.9 93.8497 10.5572
88.95 94.4918 10.7833
89 93.8635 11.0241
89.05 92.4956 11.2815
89.1 90.6744 11.5579
89.15 88.5556 11.8558
89.2 86.2319 12.1785
89.25 83.7656 12.5297
89.3 81.2017 12.9142
89.35 78.5751 13.3373
89.4 75.913 13.806
89.45 73.2369 14.3286
89.5 70.5634 14.9156
89.55 67.9055 15.5801
89.6 65.2729 16.3391
89.65 62.6724 17.2141
89.7 60.1088 18.2334
89.75 57.5853 19.4345
89.8 55.1034 20.8675
89.85 52.6634 22.6003
89.9 50.2645 24.7264
89.95 47.905 27.3743
90 45.5822 30.7208
90.05 43.2923 35.0031
90.1 41.0303 40.5187
90.15 38.7895 47.5792
90.2 36.5618 56.3451
90.25 34.3366 66.4654
90.3 32.101 76.7011
90.35 29.8394 85.2136
90.4 27.5333 90.751
90.45 25.1616 93.3895
90.5 22.7009 93.9759
90.55 20.1275 93.3214
90.6 17.4202 91.9375
90.65 14.566 90.104
90.7 11.568 87.9749
90.75 8.45774 85.6429
90.8 5.30597 83.1701
90.85 2.22789 80.602
90.9 -0.629319 77.9732
90.95 -3.12109 75.3109
91 -5.1502 72.6362
91.05 -6.69466 69.9657
91.1 -7.80149 67.312
91.15 -8.55586 64.6846
91.2 -9.04914 62.0901
91.25 -9.35971 59.5332
91.3 -9.54693 57.0166
91.35 -9.6525 54.5419
91.4 -9.70449 52.1092
91.45 -9.72134 49.7175
91.5 -9.715 47.3649
91.55 -9.69318 45.0486
91.6 -9.66088 42.7645
91.65 -9.62132 40.5073
91.7 -9.57662 38.2701
91.75 -9.52814 36.0441
91.8 -9.4768 33.8183
91.85 -9.42321 31.5794
91.9 -9.36776 29.3111
91.95 -9.31073 26.9945
92 -9.25231 24.6078
92.05 -9.19261 22.1278
92.1 -9.13173 19.5312
92.15 -9.06973 16.7984
92.2 -9.00664 13.9194
92.25 -8.9425 10.9028
92.3 -8.87733 7.78781
92.35 -8.81114 4.65464
92.4 -8.74394 1.62618
92.45 -8.67575 -1.14899
92.5 -8.60657 -3.53462
92.55 -8.5364 -5.44951
92.6 -8.46525 -6.88826
92.65 -8.39313 -7.90827
92.7 -8.32004 -8.59739
92.75 -8.24599 -9.04444
92.8 -8.17097 -9.32338
92.85 -8.095 -9.48924
92.9 -8.01809 -9.58033
92.95 -7.94023 -9.62232
93 -7.86143 -9.63204
93.05 -7.7817 -9.62039
93.1 -7.70106 -9.59443
93.15 -7.6195 -9.55872
93.2 -7.53703 -9.51622
93.25 -7.45367 -9.46887
93.3 -7.36942 -9.41793
93.35 -7.2843 -9.36425
93.4 -7.19831 -9.30839
93.45 -7.11147 -9.25071
93.5 -7.02378 -9.19148
93.55 -6.93526 -9.13086
93.6 -6.84593 -9.06897
93.65 -6.75579 -9.0059
93.7 -6.66486 -8.9417
93.75 -6.57316 -8.87641
93.8 -6.48069 -8.81006
93.85 -6.38748 -8.74267
93.9 -6.29354 -8.67426
93.95 -6.19888 -8.60483
94 -6.10353 -8.53439
94.05 -6.00749 -8.46296
94.1 -5.91079 -8.39053
94.15 -5.81344 -8.31713
94.2 -5.71547 -8.24274
94.25 -5.61689 -8.16738
94.3 -5.51772 -8.09105
94.35 -5.41797 -8.01376
94.4 -5.31768 -7.93552
94.45 -5.21685 -7.85633
94.5 -5.11551 -7.7762
94.55 -5.01368 -7.69513
94.6 -4.91138 -7.61314
94.65 -4.80863 -7.53023
94.7 -4.70544 -7.44641
94.75 -4.60185 -7.3617
94.8 -4.49787 -7.2761
94.85 -4.39353 -7.18963
94.9 -4.28884 -7.10228
94.95 -4.18382 -7.01409
95 -4.0785 -6.92506
95.05 -3.9729 -6.83519
95.1 -3.86704 -6.74452
95.15 -3.76095 -6.65304
95.2 -3.65463 -6.56078
95.25 -3.54812 -6.46774
95.3 -3.44143 -6.37395
95.35 -3.33459 -6.27943
95.4 -3.22762 -6.18417
95.45 -3.12053 -6.08822
95.5 -3.01336 -5.99157
95.55 -2.90611 -5.89425
95.6 -2.7988 -5.79628
95.65 -2.69147 -5.69768
95.7 -2.58412 -5.59846
95.75 -2.47678 -5.49864
95.8 -2.36946 -5.39825
95.85 -2.26219 -5.2973
95.9 -2.15498 -5.19582
95.95 -2.04785 -5.09381
96 -1.94081 -4.99131
96.05 -1.83389 -4.88834
96.1 -1.7271 -4.78491
96.15 -1.62045 -4.68105
96.2 -1.51397 -4.57678
96.25 -1.40766 -4.47212
96.3 -1.30154 -4.36709
96.35 -1.19563 -4.26172
96.4 -1.08994 -4.15602
96.45 -0.984474 -4.05002
96.5 -0.879257 -3.94374
96.55 -0.774295 -3.8372
96.6 -0.669602 -3.73042
96.65 -0.565187 -3.62342
96.7 -0.46106 -3.51624
96.75 -0.357233 -3.40888
96.8 -0.253713 -3.30137
96.85 -0.150509 -3.19373
96.9 -0.0476304 -3.08598
96.95 0.0549168 -2.97815
97 0.157125 -2.87025
97.05 0.258989 -2.7623
97.1 0.360502 -2.65433
97.15 0.461659 -2.54635
97.2 0.562456 -2.43838
97.25 0.662888 -2.33045
97.3 0.762953 -2.22257
97.35 0.862648 -2.11475
97.4 0.96197 -2.00703
97.45 1.06092 -1.89941
97.5 1.15949 -1.79191
97.55 1.25769 -1.68456
97.6 1.35551 -1.57735
97.65 1.45295 -1.47032
97.7 1.55003 -1.36348
97.75 1.64673 -1.25684
97.8 1.74306 -1.15042
97.85 1.83902 -1.04422
97.9 1.93462 -0.938274
97.95 2.02986 -0.83258
98 2.12474 -0.727155
98.05 2.21928 -0.622011
98.1 2.31347 -0.517157
98.15 2.40732 -0.412606
98.2 2.50083 -0.308366
98.25 2.59403 -0.204447
98.3 2.6869 -0.100859
98.35 2.77947 0.00239145
98.4 2.87173 0.105296
98.45 2.96371 0.207848
98.5 3.0554 0.310041
98.55 3.14682 0.411868
98.6 3.23798 0.513326
98.65 3.32889 0.614408
98.7 3.41956 0.715111
98.75 3.51001 0.815433
98.8 3.60025 0.915368
98.85 3.69029 1.01492
98.9 3.78015 1.11408
98.95 3.86984 1.21284
99 3.95937 1.31122
99.05 4.04878 1.40921
99.1 4.13806 1.5068
99.15 4.22724 1.60401
99.2 4.31634 1.70083
99.25 4.40538 1.79726
99.3 4.49438 1.89331
99.35 4.58336 1.98898
99.4 4.67234 2.08427
99.45 4.76135 2.17919
99.5 4.85041 2.27375
99.55 4.93955 2.36794
99.6 5.02879 2.46178
99.65 5.11816 2.55527
99.7 5.20769 2.64841
99.75 5.29742 2.74123
99.8 5.38738 2.83371
99.85 5.47759 2.92588
99.9 5.56811 3.01773
99.95 5.65896 3.10929
100 5.75019 3.20056
