0	-10	0
0.05	-9.19704	-9.32057e-06
0.1	-8.40603	-0.000101032
0.15	-7.62678	-0.000372408
0.2	-6.85912	-0.000904812
0.25	-6.10286	-0.00177744
0.3	-5.3578	-0.00308337
0.35	-4.62375	-0.00494052
0.4	-3.90053	-0.00749972
0.45	-3.18792	-0.0109518
0.5	-2.48572	-0.0155352
0.55	-1.79372	-0.0215437
0.6	-1.11169	-0.0293363
0.65	-0.439366	-0.0393468
0.7	0.223502	-0.0520963
0.75	0.877209	-0.0682055
0.8	1.52207	-0.088409
0.85	2.15844	-0.113571
0.9	2.78671	-0.144704
0.95	3.40732	-0.182984
1	4.02077	-0.229776
1.05	4.6276	-0.286655
1.1	5.22845	-0.355432
1.15	5.82404	-0.438183
1.2	6.41516	-0.537285
1.25	7.00275	-0.655456
1.3	7.58785	-0.795796
1.35	8.17164	-0.961854
1.4	8.75547	-1.15768
1.45	9.34087	-1.38794
1.5	9.92961	-1.65798
1.55	10.5237	-1.97397
1.6	11.1253	-2.34309
1.65	11.7372	-2.77373
1.7	12.3623	-3.27571
1.75	13.0042	-3.86067
1.8	13.6667	-4.54249
1.85	14.3546	-5.33781
1.9	15.0733	-6.26677
1.95	15.8294	-7.35394
2	16.6303	-8.62948
2.05	17.4853	-10.1307
2.1	18.4052	-11.9041
2.15	19.4032	-14.008
2.2	20.4954	-16.5157
2.25	21.7015	-19.5199
2.3	23.0458	-23.1379
2.35	24.5583	-27.5171
2.4	26.2761	-32.842
2.45	28.2452	-39.3382
2.5	30.5218	-47.2724
2.55	33.1736	-56.9392
2.6	36.2792	-68.6217
2.65	39.924	-82.5048
2.7	44.1899	-98.5138
2.75	49.1336	-116.065
2.8	54.7498	-133.785
2.85	60.9242	-149.406
2.9	67.3921	-160.221
2.95	73.7414	-164.254
3	79.4842	-161.56
3.05	84.1787	-154.513
3.1	87.535	-146.687
3.15	89.4503	-141.227
3.2	89.9777	-139.879
3.25	89.2677	-142.954
3.3	87.5171	-149.788
3.35	84.9355	-159.265
3.4	81.7267	-170.173
3.45	78.0782	-181.415
3.5	74.1554	-192.097
3.55	70.0975	-201.559
3.6	66.0165	-209.36
3.65	61.9968	-215.257
3.7	58.0986	-219.161
3.75	54.3607	-221.103
3.8	50.8048	-221.192
3.85	47.4398	-219.585
3.9	44.2647	-216.459
3.95	41.272	-211.985
4	38.449	-206.312
4.05	35.7798	-199.562
4.1	33.2456	-191.824
4.15	30.8256	-183.156
4.2	28.4979	-173.595
4.25	26.2401	-163.162
4.3	24.0298	-151.873
4.35	21.8457	-139.755
4.4	19.6687	-126.86
4.45	17.4833	-113.281
4.5	15.2789	-99.1785
4.55	13.0526	-84.7954
4.6	10.8106	-70.473
4.65	8.57097	-56.6455
4.7	6.36375	-43.806
4.75	4.22995	-32.4363
4.8	2.2169	-22.9123
4.85	0.371071	-15.4147
4.9	-1.27016	-9.88857
4.95	-2.68502	-6.07536
5	-3.86971	-3.60203
5.05	-4.83631	-2.08228
5.1	-5.60776	-1.18818
5.15	-6.21214	-0.678273
5.2	-6.67811	-0.392699
5.25	-7.03199	-0.233652
5.3	-7.29643	-0.144562
5.35	-7.49012	-0.0938976
5.4	-7.62806	-0.0644477
5.45	-7.72212	-0.0468875
5.5	-7.7816	-0.0361459
5.55	-7.81374	-0.0294298
5.6	-7.82417	-0.025171
5.65	-7.81727	-0.022467
5.7	-7.79647	-0.0207841
5.75	-7.76444	-0.0197971
5.8	-7.72327	-0.019302
5.85	-7.67461	-0.0191669
5.9	-7.61976	-0.0193045
5.95	-7.55976	-0.0196553
6	-7.49543	-0.0201782
6.05	-7.42743	-0.0208443
6.1	-7.35627	-0.0216329
6.15	-7.2824	-0.0225293
6.2	-7.20616	-0.0235233
6.25	-7.12782	-0.0246075
6.3	-7.04762	-0.025777
6.35	-6.96575	-0.0270287
6.4	-6.88238	-0.0283609
6.45	-6.79762	-0.0297728
6.5	-6.7116	-0.0312647
6.55	-6.62441	-0.0328376
6.6	-6.53612	-0.034493
6.65	-6.44682	-0.0362329
6.7	-6.35656	-0.0380597
6.75	-6.26539	-0.0399763
6.8	-6.17337	-0.0419859
6.85	-6.08054	-0.0440918
6.9	-5.98693	-0.0462979
6.95	-5.89259	-0.048608
7	-5.79754	-0.0510265
7.05	-5.70183	-0.0535578
7.1	-5.60547	-0.0562066
7.15	-5.5085	-0.0589778
7.2	-5.41094	-0.0618766
7.25	-5.31283	-0.0649084
7.3	-5.21418	-0.0680787
7.35	-5.11503	-0.0713935
7.4	-5.01539	-0.0748587
7.45	-4.91529	-0.0784807
7.5	-4.81475	-0.0822659
7.55	-4.71381	-0.0862211
7.6	-4.61247	-0.0903532
7.65	-4.51077	-0.0946696
7.7	-4.40872	-0.0991776
7.75	-4.30635	-0.103885
7.8	-4.20369	-0.108799
7.85	-4.10074	-0.113929
7.9	-3.99755	-0.119283
7.95	-3.89412	-0.124869
8	-3.79048	-0.130697
8.05	-3.68666	-0.136775
8.1	-3.58267	-0.143113
8.15	-3.47853	-0.149721
8.2	-3.37427	-0.156608
8.25	-3.26991	-0.163785
8.3	-3.16547	-0.171262
8.35	-3.06096	-0.179049
8.4	-2.95642	-0.187158
8.45	-2.85185	-0.1956
8.5	-2.74729	-0.204386
8.55	-2.64274	-0.213527
8.6	-2.53823	-0.223035
8.65	-2.43378	-0.232923
8.7	-2.32941	-0.243202
8.75	-2.22514	-0.253885
8.8	-2.12097	-0.264985
8.85	-2.01694	-0.276514
8.9	-1.91305	-0.288486
8.95	-1.80933	-0.300914
9	-1.7058	-0.313811
9.05	-1.60246	-0.327191
9.1	-1.49933	-0.341067
9.15	-1.39643	-0.355454
9.2	-1.29378	-0.370365
9.25	-1.19138	-0.385815
9.3	-1.08926	-0.401818
9.35	-0.987417	-0.418389
9.4	-0.885876	-0.435541
9.45	-0.784646	-0.45329
9.5	-0.683738	-0.471651
9.55	-0.583165	-0.490637
9.6	-0.482937	-0.510265
9.65	-0.383064	-0.530549
9.7	-0.283556	-0.551505
9.75	-0.184424	-0.573146
9.8	-0.0856755	-0.595488
9.85	0.0126806	-0.618548
9.9	0.110636	-0.642338
9.95	0.208185	-0.666876
10	0.305318	-0.692175
10.05	0.402031	-0.718251
10.1	0.498316	-0.74512
10.15	0.594169	-0.772796
10.2	0.689585	-0.801295
10.25	0.784559	-0.830631
10.3	0.879087	-0.86082
10.35	0.973166	-0.891876
10.4	1.06679	-0.923816
10.45	1.15996	-0.956652
10.5	1.25268	-0.990402
10.55	1.34493	-1.02508
10.6	1.43673	-1.0607
10.65	1.52806	-1.09727
10.7	1.61894	-1.13482
10.75	1.70935	-1.17335
10.8	1.7993	-1.21289
10.85	1.88879	-1.25344
10.9	1.97782	-1.29502
10.95	2.0664	-1.33764
11	2.15452	-1.38132
11.05	2.24218	-1.42608
11.1	2.3294	-1.47193
11.15	2.41617	-1.51887
11.2	2.50249	-1.56694
11.25	2.58837	-1.61613
11.3	2.67382	-1.66647
11.35	2.75883	-1.71797
11.4	2.84341	-1.77065
11.45	2.92757	-1.82451
11.5	3.01132	-1.87958
11.55	3.09464	-1.93587
11.6	3.17756	-1.99339
11.65	3.26008	-2.05216
11.7	3.34221	-2.11219
11.75	3.42394	-2.17351
11.8	3.50529	-2.23611
11.85	3.58627	-2.30003
11.9	3.66687	-2.36528
11.95	3.74712	-2.43186
12	3.82701	-2.49981
12.05	3.90655	-2.56913
12.1	3.98576	-2.63985
12.15	4.06463	-2.71197
12.2	4.14319	-2.78552
12.25	4.22143	-2.86052
12.3	4.29936	-2.93699
12.35	4.377	-3.01493
12.4	4.45436	-3.09439
12.45	4.53143	-3.17536
12.5	4.60824	-3.25788
12.55	4.6848	-3.34197
12.6	4.7611	-3.42765
12.65	4.83717	-3.51494
12.7	4.91302	-3.60386
12.75	4.98865	-3.69445
12.8	5.06407	-3.78672
12.85	5.13931	-3.8807
12.9	5.21437	-3.97643
12.95	5.28926	-4.07392
13	5.36399	-4.17322
13.05	5.43858	-4.27434
13.1	5.51305	-4.37733
13.15	5.5874	-4.48222
13.2	5.66165	-4.58904
13.25	5.73582	-4.69783
13.3	5.80991	-4.80863
13.35	5.88395	-4.92149
13.4	5.95796	-5.03644
13.45	6.03194	-5.15354
13.5	6.10592	-5.27283
13.55	6.17991	-5.39435
13.6	6.25394	-5.51818
13.65	6.32803	-5.64436
13.7	6.40219	-5.77295
13.75	6.47644	-5.90402
13.8	6.55082	-6.03763
13.85	6.62533	-6.17386
13.9	6.70002	-6.31278
13.95	6.7749	-6.45448
14	6.85	-6.59903
14.05	6.92536	-6.74654
14.1	7.001	-6.89711
14.15	7.07695	-7.05082
14.2	7.15325	-7.20781
14.25	7.22994	-7.36818
14.3	7.30705	-7.53207
14.35	7.38462	-7.69962
14.4	7.46271	-7.87097
14.45	7.54136	-8.04629
14.5	7.6206	-8.22574
14.55	7.70051	-8.40951
14.6	7.78114	-8.59781
14.65	7.86254	-8.79085
14.7	7.94479	-8.98887
14.75	8.02795	-9.19212
14.8	8.11211	-9.40087
14.85	8.19733	-9.61544
14.9	8.28372	-9.83615
14.95	8.37137	-10.0634
15	8.46037	-10.2975
15.05	8.55086	-10.5389
15.1	8.64294	-10.7881
15.15	8.73675	-11.0456
15.2	8.83245	-11.312
15.25	8.93018	-11.588
15.3	9.03012	-11.8741
15.35	9.13248	-12.1712
15.4	9.23745	-12.4802
15.45	9.34527	-12.802
15.5	9.4562	-13.1376
15.55	9.57052	-13.4883
15.6	9.68855	-13.8554
15.65	9.81065	-14.2404
15.7	9.93719	-14.6451
15.75	10.0686	-15.0712
15.8	10.2055	-15.5211
15.85	10.3482	-15.9972
15.9	10.4975	-16.5023
15.95	10.6541	-17.0398
16	10.8187	-17.6133
16.05	10.9923	-18.2273
16.1	11.1758	-18.8868
16.15	11.3706	-19.5977
16.2	11.5779	-20.3669
16.25	11.7994	-21.2028
16.3	12.0369	-22.1148
16.35	12.2925	-23.1148
16.4	12.5688	-24.2166
16.45	12.8688	-25.4371
16.5	13.196	-26.7968
16.55	13.5548	-28.3212
16.6	13.9502	-30.0415
16.65	14.3885	-31.997
16.7	14.8774	-34.2371
16.75	15.4263	-36.8251
16.8	16.047	-39.8423
16.85	16.7545	-43.395
16.9	17.5676	-47.6234
16.95	18.5108	-52.7148
17	19.6159	-58.9224
17.05	20.9247	-66.5921
17.1	22.493	-76.201
17.15	24.3958	-88.4092
17.2	26.734	-104.127
17.25	29.6438	-124.582
17.3	33.3043	-151.34
17.35	37.9403	-186.14
17.4	43.8007	-230.209
17.45	51.0752	-282.486
17.5	59.6973	-336.63
17.55	69.0499	-379.856
17.6	77.8634	-400.524
17.65	84.7325	-401.502
17.7	88.9683	-399.34
17.75	90.823	-407.383
17.8	90.9809	-427.007
17.85	90.0639	-453.388
17.9	88.4835	-481.99
17.95	86.4832	-510.102
18	84.2076	-536.262
18.05	81.7478	-559.657
18.1	79.1665	-579.831
18.15	76.5089	-596.544
18.2	73.8091	-609.702
18.25	71.093	-619.323
18.3	68.3804	-625.498
18.35	65.6858	-628.374
18.4	63.0201	-628.13
18.45	60.3909	-624.97
18.5	57.8031	-619.107
18.55	55.2596	-610.758
18.6	52.7618	-600.133
18.65	50.3095	-587.436
18.7	47.9013	-572.852
18.75	45.5347	-556.55
18.8	43.206	-538.673
18.85	40.9101	-519.337
18.9	38.6402	-498.622
18.95	36.388	-476.572
19	34.1428	-453.19
19.05	31.8914	-428.436
19.1	29.6183	-402.229
19.15	27.3049	-374.454
19.2	24.9302	-344.977
19.25	22.4714	-313.67
19.3	19.9055	-280.456
19.35	17.2127	-245.393
19.4	14.3813	-208.779
19.45	11.4158	-171.303
19.5	8.34812	-134.176
19.55	5.24747	-99.1555
19.6	2.2241	-68.3112
19.65	-0.582962	-43.4504
19.7	-3.0381	-25.4131
19.75	-5.04974	-13.727
19.8	-6.59572	-6.94027
19.85	-7.71801	-3.35241
19.9	-8.49519	-1.58489
19.95	-9.01316	-0.751647
20	-9.34693	-0.366028
20.05	-9.5543	-0.18688
20.1	-9.67661	-0.101802
20.15	-9.74218	-0.059937
20.2	-9.76992	-0.0384141
20.25	-9.77231	-0.0268234
20.3	-9.75756	-0.0203067
20.35	-9.73106	-0.0165161
20.4	-9.69635	-0.0142689
20.45	-9.6558	-0.0129421
20.5	-9.61096	-0.0121915
20.55	-9.56288	-0.011818
20.6	-9.51229	-0.0117014
20.65	-9.45964	-0.0117662
20.7	-9.40528	-0.0119633
20.75	-9.34944	-0.0122599
20.8	-9.29226	-0.0126336
20.85	-9.23386	-0.0130691
20.9	-9.17431	-0.0135556
20.95	-9.11367	-0.0140858
21	-9.05198	-0.0146545
21.05	-8.98926	-0.0152583
21.1	-8.92554	-0.015895
21.15	-8.86083	-0.0165634
21.2	-8.79514	-0.0172628
21.25	-8.72848	-0.0179931
21.3	-8.66085	-0.0187547
21.35	-8.59227	-0.0195482
21.4	-8.52273	-0.0203744
21.45	-8.45225	-0.0212345
21.5	-8.38082	-0.0221297
21.55	-8.30846	-0.0230613
21.6	-8.23516	-0.0240308
21.65	-8.16093	-0.02504
21.7	-8.08578	-0.0260905
21.75	-8.00971	-0.0271842
21.8	-7.93273	-0.0283231
21.85	-7.85484	-0.0295092
21.9	-7.77606	-0.0307447
21.95	-7.69639	-0.0320319
22	-7.61583	-0.0333731
22.05	-7.5344	-0.0347708
22.1	-7.45211	-0.0362277
22.15	-7.36896	-0.0377464
22.2	-7.28497	-0.0393297
22.25	-7.20014	-0.0409807
22.3	-7.11448	-0.0427025
22.35	-7.02802	-0.0444981
22.4	-6.94075	-0.0463711
22.45	-6.8527	-0.0483249
22.5	-6.76387	-0.0503632
22.55	-6.67427	-0.0524898
22.6	-6.58393	-0.0547086
22.65	-6.49286	-0.0570237
22.7	-6.40106	-0.0594395
22.75	-6.30857	-0.0619604
22.8	-6.21538	-0.0645911
22.85	-6.12152	-0.0673363
22.9	-6.027	-0.0702011
22.95	-5.93184	-0.0731908
23	-5.83606	-0.0763106
23.05	-5.73968	-0.0795662
23.1	-5.6427	-0.0829635
23.15	-5.54516	-0.0865085
23.2	-5.44706	-0.0902075
23.25	-5.34843	-0.0940668
23.3	-5.24929	-0.0980933
23.35	-5.14965	-0.102294
23.4	-5.04953	-0.106676
23.45	-4.94896	-0.111246
23.5	-4.84795	-0.116014
23.55	-4.74652	-0.120985
23.6	-4.6447	-0.126169
23.65	-4.5425	-0.131574
23.7	-4.43994	-0.137209
23.75	-4.33704	-0.143083
23.8	-4.23383	-0.149204
23.85	-4.13032	-0.155584
23.9	-4.02653	-0.162231
23.95	-3.92249	-0.169155
24	-3.81821	-0.176367
24.05	-3.71371	-0.183879
24.1	-3.60902	-0.191699
24.15	-3.50416	-0.199841
24.2	-3.39914	-0.208315
24.25	-3.29398	-0.217134
24.3	-3.1887	-0.226309
24.35	-3.08333	-0.235853
24.4	-2.97788	-0.245778
24.45	-2.87238	-0.256098
24.5	-2.76683	-0.266826
24.55	-2.66126	-0.277976
24.6	-2.55568	-0.28956
24.65	-2.45012	-0.301595
24.7	-2.3446	-0.314093
24.75	-2.23912	-0.32707
24.8	-2.1337	-0.34054
24.85	-2.02837	-0.354519
24.9	-1.92314	-0.369022
24.95	-1.81802	-0.384066
25	-1.71303	-0.399665
25.05	-1.60818	-0.415837
25.1	-1.50349	-0.432597
25.15	-1.39898	-0.449963
25.2	-1.29465	-0.467951
25.25	-1.19051	-0.486579
25.3	-1.08659	-0.505864
25.35	-0.982894	-0.525824
25.4	-0.879431	-0.546477
25.45	-0.776213	-0.56784
25.5	-0.673252	-0.589932
25.55	-0.570556	-0.612771
25.6	-0.468135	-0.636377
25.65	-0.365999	-0.660767
25.7	-0.264154	-0.685962
25.75	-0.16261	-0.71198
25.8	-0.0613739	-0.738841
25.85	0.0395487	-0.766564
25.9	0.140151	-0.795169
25.95	0.240428	-0.824676
26	0.340374	-0.855106
26.05	0.439985	-0.886479
26.1	0.539257	-0.918816
26.15	0.638187	-0.952136
26.2	0.736772	-0.986462
26.25	0.83501	-1.02181
26.3	0.932899	-1.05821
26.35	1.03044	-1.09568
26.4	1.12763	-1.13424
26.45	1.22446	-1.17392
26.5	1.32095	-1.21473
26.55	1.41709	-1.2567
26.6	1.51288	-1.29985
26.65	1.60833	-1.3442
26.7	1.70343	-1.38979
26.75	1.79819	-1.43663
26.8	1.89262	-1.48474
26.85	1.98672	-1.53415
26.9	2.08049	-1.5849
26.95	2.17394	-1.63699
27	2.26707	-1.69047
27.05	2.3599	-1.74535
27.1	2.45242	-1.80166
27.15	2.54465	-1.85944
27.2	2.63659	-1.9187
27.25	2.72825	-1.97949
27.3	2.81965	-2.04182
27.35	2.91078	-2.10574
27.4	3.00167	-2.17127
27.45	3.09231	-2.23844
27.5	3.18273	-2.3073
27.55	3.27294	-2.37787
27.6	3.36294	-2.45019
27.65	3.45275	-2.5243
27.7	3.54238	-2.60024
27.75	3.63185	-2.67804
27.8	3.72118	-2.75776
27.85	3.81037	-2.83944
27.9	3.89946	-2.92311
27.95	3.98844	-3.00884
28	4.07734	-3.09666
28.05	4.16619	-3.18664
28.1	4.25499	-3.27882
28.15	4.34378	-3.37327
28.2	4.43257	-3.47004
28.25	4.52138	-3.5692
28.3	4.61024	-3.67082
28.35	4.69918	-3.77497
28.4	4.78821	-3.88171
28.45	4.87738	-3.99114
28.5	4.9667	-4.10334
28.55	5.0562	-4.21839
28.6	5.14593	-4.33638
28.65	5.23591	-4.45743
28.7	5.32618	-4.58163
28.75	5.41677	-4.7091
28.8	5.50773	-4.83996
28.85	5.5991	-4.97435
28.9	5.69092	-5.11239
28.95	5.78324	-5.25424
29	5.87611	-5.40005
29.05	5.96959	-5.55001
29.1	6.06373	-5.70428
29.15	6.15859	-5.86308
29.2	6.25424	-6.02661
29.25	6.35075	-6.19511
29.3	6.44818	-6.36883
29.35	6.54664	-6.54803
29.4	6.64618	-6.73301
29.45	6.74692	-6.92409
29.5	6.84896	-7.12163
29.55	6.95239	-7.32599
29.6	7.05733	-7.53761
29.65	7.16392	-7.75692
29.7	7.2723	-7.98444
29.75	7.3826	-8.22072
29.8	7.495	-8.46635
29.85	7.60967	-8.72201
29.9	7.72681	-8.98845
29.95	7.84663	-9.26648
30	7.96937	-9.55701
30.05	8.09529	-9.86109
30.1	8.22468	-10.1798
30.15	8.35785	-10.5145
30.2	8.49516	-10.8666
30.25	8.63701	-11.2378
30.3	8.78382	-11.6297
30.35	8.9361	-12.0447
30.4	9.09439	-12.485
30.45	9.25931	-12.9533
30.5	9.43158	-13.4529
30.55	9.61198	-13.9873
30.6	9.80143	-14.5607
30.65	10.001	-15.1781
30.7	10.2118	-15.8451
30.75	10.4353	-16.5684
30.8	10.673	-17.3561
30.85	10.9268	-18.2177
30.9	11.199	-19.1644
30.95	11.4919	-20.2101
31	11.8088	-21.3715
31.05	12.1532	-22.669
31.1	12.5295	-24.1279
31.15	12.943	-25.7798
31.2	13.4001	-27.6645
31.25	13.9087	-29.8326
31.3	14.4789	-32.3495
31.35	15.1229	-35.3001
31.4	15.8568	-38.7967
31.45	16.7007	-42.9896
31.5	17.6812	-48.083
31.55	18.8336	-54.3579
31.6	20.2046	-62.2068
31.65	21.8582	-72.1847
31.7	23.882	-85.0826
31.75	26.3977	-102.029
31.8	29.5741	-124.607
31.85	33.6422	-154.923
31.9	38.9028	-195.402
31.95	45.6997	-247.702
32	54.2883	-309.55
32.05	64.496	-369.386
32.1	75.2487	-406.43
32.15	84.6209	-409.188
32.2	91.0068	-394.489
32.25	94.2238	-390.127
32.3	95.1264	-405.745
32.35	94.6365	-434.417
32.4	93.3468	-468.009
32.45	91.5748	-502.182
32.5	89.4895	-534.968
32.55	87.1888	-565.341
32.6	84.7373	-592.676
32.65	82.1817	-616.577
32.7	79.5578	-636.814
32.75	76.8937	-653.287
32.8	74.2116	-665.998
32.85	71.5292	-675.024
32.9	68.86	-680.499
32.95	66.2141	-682.597
33	63.5992	-681.518
33.05	61.0204	-677.474
33.1	58.4813	-670.686
33.15	55.9835	-661.373
33.2	53.5278	-649.747
33.25	51.1137	-636.011
33.3	48.7397	-620.354
33.35	46.4033	-602.944
33.4	44.1012	-583.927
33.45	41.8286	-563.422
33.5	39.5796	-541.517
33.55	37.3464	-518.259
33.6	35.1192	-493.657
33.65	32.886	-467.678
33.7	30.6319	-440.24
33.75	28.3394	-411.225
33.8	25.9879	-380.48
33.85	23.5545	-347.845
33.9	21.0151	-313.19
33.95	18.3466	-276.482
34	15.5321	-237.895
34.05	12.5675	-197.963
34.1	9.47325	-157.752
34.15	6.30596	-118.962
34.2	3.16725	-83.8115
34.25	0.198264	-54.5289
34.3	-2.44829	-32.5378
34.35	-4.65298	-17.8311
34.4	-6.36716	-9.07555
34.45	-7.61827	-4.37571
34.5	-8.48406	-2.0484
34.55	-9.05792	-0.955432
34.6	-9.42459	-0.455086
34.65	-9.65025	-0.226323
34.7	-9.78223	-0.11976
34.75	-9.85271	-0.0684141
34.8	-9.88291	-0.0425684
34.85	-9.88662	-0.0289204
34.9	-9.87276	-0.0213739
34.95	-9.84707	-0.0170382
35	-9.81326	-0.0144848
35.05	-9.77375	-0.0129746
35.1	-9.73013	-0.0121067
35.15	-9.68343	-0.0116527
35.2	-9.63434	-0.0114766
35.25	-9.58333	-0.0114943
35.3	-9.53069	-0.0116514
35.35	-9.47665	-0.011912
35.4	-9.42133	-0.0122519
35.45	-9.36485	-0.0126543
35.5	-9.30726	-0.0131077
35.55	-9.2486	-0.0136041
35.6	-9.18892	-0.0141379
35.65	-9.12824	-0.0147055
35.7	-9.06657	-0.0153043
35.75	-9.00391	-0.015933
35.8	-8.94029	-0.0165908
35.85	-8.8757	-0.0172775
35.9	-8.81015	-0.0179932
35.95	-8.74365	-0.0187384
36	-8.67619	-0.019514
36.05	-8.60778	-0.0203207
36.1	-8.53843	-0.0211599
36.15	-8.46813	-0.0220326
36.2	-8.39689	-0.0229404
36.25	-8.32472	-0.0238846
36.3	-8.25161	-0.024867
36.35	-8.17757	-0.0258891
36.4	-8.10262	-0.0269529
36.45	-8.02674	-0.0280601
36.5	-7.94995	-0.0292129
36.55	-7.87226	-0.0304132
36.6	-7.79366	-0.0316633
36.65	-7.71418	-0.0329654
36.7	-7.63381	-0.0343221
36.75	-7.55256	-0.0357356
36.8	-7.47045	-0.0372088
36.85	-7.38748	-0.0387443
36.9	-7.30367	-0.0403449
36.95	-7.21901	-0.0420138
37	-7.13353	-0.0437538
37.05	-7.04723	-0.0455684
37.1	-6.96013	-0.0474608
37.15	-6.87223	-0.0494347
37.2	-6.78356	-0.0514936
37.25	-6.69412	-0.0536414
37.3	-6.60393	-0.0558821
37.35	-6.51301	-0.0582198
37.4	-6.42135	-0.0606588
37.45	-6.32899	-0.0632037
37.5	-6.23594	-0.065859
37.55	-6.14221	-0.0686296
37.6	-6.04782	-0.0715206
37.65	-5.95278	-0.0745372
37.7	-5.85712	-0.0776848
37.75	-5.76084	-0.0809691
37.8	-5.66397	-0.0843959
37.85	-5.56653	-0.0879714
37.9	-5.46853	-0.0917017
37.95	-5.36999	-0.0955934
38	-5.27093	-0.0996532
38.05	-5.17137	-0.103888
38.1	-5.07133	-0.108306
38.15	-4.97082	-0.112913
38.2	-4.86987	-0.117718
38.25	-4.7685	-0.122728
38.3	-4.66673	-0.127952
38.35	-4.56457	-0.133399
38.4	-4.46205	-0.139077
38.45	-4.35919	-0.144994
38.5	-4.256	-0.151162
38.55	-4.15251	-0.157588
38.6	-4.04873	-0.164284
38.65	-3.9447	-0.171259
38.7	-3.84042	-0.178523
38.75	-3.73592	-0.186088
38.8	-3.63121	-0.193965
38.85	-3.52633	-0.202164
38.9	-3.42128	-0.210698
38.95	-3.31609	-0.219578
39	-3.21077	-0.228817
39.05	-3.10536	-0.238427
39.1	-2.99985	-0.248421
39.15	-2.89428	-0.258812
39.2	-2.78867	-0.269613
39.25	-2.68302	-0.280839
39.3	-2.57737	-0.292503
39.35	-2.47172	-0.304619
39.4	-2.36609	-0.317202
39.45	-2.26051	-0.330268
39.5	-2.15499	-0.343829
39.55	-2.04954	-0.357904
39.6	-1.94418	-0.372506
39.65	-1.83893	-0.387652
39.7	-1.7338	-0.403358
39.75	-1.62881	-0.41964
39.8	-1.52396	-0.436516
39.85	-1.41929	-0.454002
39.9	-1.31479	-0.472115
39.95	-1.21048	-0.490872
40	-1.10638	-0.510292
40.05	-1.00249	-0.530392
40.1	-0.89883	-0.551191
40.15	-0.795407	-0.572706
40.2	-0.692233	-0.594957
40.25	-0.589318	-0.617961
40.3	-0.48667	-0.641739
40.35	-0.384298	-0.666308
40.4	-0.282212	-0.69169
40.45	-0.180418	-0.717902
40.5	-0.0789233	-0.744966
40.55	0.0222648	-0.7729
40.6	0.123141	-0.801726
40.65	0.223699	-0.831463
40.7	0.323934	-0.862133
40.75	0.423843	-0.893756
40.8	0.52342	-0.926353
40.85	0.622664	-0.959946
40.9	0.72157	-0.994555
40.95	0.820138	-1.0302
41	0.918366	-1.06691
41.05	1.01625	-1.10471
41.1	1.1138	-1.1436
41.15	1.211	-1.18363
41.2	1.30786	-1.22481
41.25	1.40438	-1.26716
41.3	1.50057	-1.31071
41.35	1.59642	-1.35548
41.4	1.69193	-1.4015
41.45	1.78712	-1.4488
41.5	1.88198	-1.49739
41.55	1.97652	-1.5473
41.6	2.07075	-1.59856
41.65	2.16466	-1.6512
41.7	2.25827	-1.70524
41.75	2.35159	-1.76072
41.8	2.44461	-1.81765
41.85	2.53735	-1.87607
41.9	2.62982	-1.93602
41.95	2.72202	-1.99751
42	2.81397	-2.06058
42.05	2.90567	-2.12527
42.1	2.99713	-2.19161
42.15	3.08838	-2.25963
42.2	3.17941	-2.32937
42.25	3.27024	-2.40087
42.3	3.36089	-2.47416
42.35	3.45136	-2.54929
42.4	3.54168	-2.62629
42.45	3.63185	-2.70521
42.5	3.7219	-2.7861
42.55	3.81184	-2.869
42.6	3.90168	-2.95396
42.65	3.99145	-3.04103
42.7	4.08117	-3.13027
42.75	4.17085	-3.22173
42.8	4.26052	-3.31546
42.85	4.35019	-3.41155
42.9	4.4399	-3.51003
42.95	4.52966	-3.611
43	4.61951	-3.71451
43.05	4.70946	-3.82065
43.1	4.79954	-3.9295
43.15	4.8898	-4.04114
43.2	4.98024	-4.15566
43.25	5.07092	-4.27316
43.3	5.16186	-4.39375
43.35	5.2531	-4.51752
43.4	5.34468	-4.64461
43.45	5.43664	-4.77512
43.5	5.52902	-4.90921
43.55	5.62187	-5.047
43.6	5.71524	-5.18865
43.65	5.80917	-5.33432
43.7	5.90373	-5.48419
43.75	5.99897	-5.63845
43.8	6.09495	-5.7973
43.85	6.19175	-5.96096
43.9	6.28943	-6.12968
43.95	6.38807	-6.30369
44	6.48775	-6.48329
44.05	6.58856	-6.66878
44.1	6.6906	-6.86049
44.15	6.79396	-7.05877
44.2	6.89877	-7.26402
44.25	7.00514	-7.47666
44.3	7.1132	-7.69718
44.35	7.2231	-7.92608
44.4	7.33499	-8.16393
44.45	7.44903	-8.41137
44.5	7.56542	-8.66907
44.55	7.68435	-8.93782
44.6	7.80605	-9.21847
44.65	7.93076	-9.51196
44.7	8.05875	-9.81935
44.75	8.19032	-10.1418
44.8	8.32581	-10.4808
44.85	8.46557	-10.8376
44.9	8.61002	-11.2141
44.95	8.75961	-11.6121
45	8.91485	-12.0339
45.05	9.07634	-12.4819
45.1	9.2447	-12.959
45.15	9.42069	-13.4685
45.2	9.60513	-14.0142
45.25	9.79898	-14.6006
45.3	10.0033	-15.2327
45.35	10.2195	-15.9168
45.4	10.4488	-16.6598
45.45	10.693	-17.4703
45.5	10.9541	-18.3584
45.55	11.2344	-19.3364
45.6	11.5366	-20.4188
45.65	11.8639	-21.6237
45.7	12.2203	-22.9732
45.75	12.6104	-24.4947
45.8	13.04	-26.2226
45.85	13.5159	-28.2003
45.9	14.0468	-30.4835
45.95	14.6435	-33.1441
46	15.3196	-36.2764
46.05	16.0925	-40.0058
46.1	16.9848	-44.5009
46.15	18.0259	-49.9922
46.2	19.2551	-56.7992
46.25	20.7252	-65.3711
46.3	22.5086	-76.3462
46.35	24.7051	-90.6377
46.4	27.4537	-109.547
46.45	30.9472	-134.88
46.5	35.4466	-168.961
46.55	41.2818	-214.194
46.6	48.7956	-271.314
46.65	58.1402	-335.056
46.7	68.8408	-389.076
46.75	79.3976	-412.429
46.8	87.7849	-404.01
46.85	92.883	-389.891
46.9	95.0572	-393.459
46.95	95.3071	-415.744
47	94.4451	-447.549
47.05	92.9394	-482.11
47.1	91.0338	-516.269
47.15	88.8609	-548.562
47.2	86.5015	-578.163
47.25	84.0113	-604.547
47.3	81.4316	-627.385
47.35	78.7947	-646.497
47.4	76.1262	-661.822
47.45	73.4464	-673.39
47.5	70.771	-681.301
47.55	68.1124	-685.704
47.6	65.4797	-686.783
47.65	62.8796	-684.743
47.7	60.3166	-679.8
47.75	57.7936	-672.175
47.8	55.312	-662.086
47.85	52.8721	-649.743
47.9	50.4731	-635.344
47.95	48.1132	-619.073
48	45.7898	-601.093
48.05	43.499	-581.541
48.1	41.236	-560.529
48.15	38.9942	-538.133
48.2	36.7655	-514.391
48.25	34.5395	-489.299
48.3	32.3034	-462.809
48.35	30.0416	-434.831
48.4	27.7359	-405.232
48.45	25.3649	-373.855
48.5	22.9051	-340.54
48.55	20.3324	-305.172
48.6	17.6246	-267.758
48.65	14.7672	-228.551
48.7	11.7615	-188.21
48.75	8.63611	-147.97
48.8	5.45946	-109.706
48.85	2.34553	-75.7239
48.9	-0.556995	-48.1399
48.95	-3.09878	-28.046
49	-5.17611	-15.0332
49.05	-6.76168	-7.5172
49.1	-7.90021	-3.583
49.15	-8.67742	-1.66977
49.2	-9.18666	-0.780685
49.25	-9.50844	-0.375119
49.3	-9.70384	-0.18925
49.35	-9.81574	-0.102054
49.4	-9.87297	-0.0595998
49.45	-9.89444	-0.0379662
49.5	-9.89236	-0.0263992
49.55	-9.87462	-0.0199323
49.6	-9.84631	-0.0161869
49.65	-9.8107	-0.0139738
49.7	-9.76995	-0.0126699
49.75	-9.72543	-0.011933
49.8	-9.67808	-0.0115656
49.85	-9.62851	-0.011449
49.9	-9.57712	-0.0115086
49.95	-9.52418	-0.0116961
50	-9.46989	-0.0119794
50.05	-9.41437	-0.0123365
50.1	-9.35769	-0.0127525
50.15	-9.29993	-0.0132167
50.2	-9.24113	-0.0137221
50.25	-9.1813	-0.0142635
50.3	-9.12048	-0.0148378
50.35	-9.05867	-0.0154428
50.4	-8.99588	-0.0160772
50.45	-8.93213	-0.0167404
50.5	-8.86742	-0.0174324
50.55	-8.80174	-0.0181533
50.6	-8.73511	-0.0189039
50.65	-8.66753	-0.0196848
50.7	-8.599	-0.0204971
50.75	-8.52953	-0.0213419
50.8	-8.45911	-0.0222205
50.85	-8.38775	-0.0231343
50.9	-8.31545	-0.0240848
50.95	-8.24223	-0.0250737
51	-8.16807	-0.0261027
51.05	-8.093	-0.0271736
51.1	-8.017	-0.0282882
51.15	-7.9401	-0.0294487
51.2	-7.86229	-0.0306571
51.25	-7.78358	-0.0319156
51.3	-7.70398	-0.0332266
51.35	-7.6235	-0.0345924
51.4	-7.54214	-0.0360155
51.45	-7.45992	-0.0374987
51.5	-7.37684	-0.0390446
51.55	-7.29292	-0.0406562
51.6	-7.20815	-0.0423364
51.65	-7.12257	-0.0440883
51.7	-7.03616	-0.0459153
51.75	-6.94896	-0.0478207
51.8	-6.86097	-0.049808
51.85	-6.77219	-0.051881
51.9	-6.68266	-0.0540435
51.95	-6.59237	-0.0562995
52	-6.50135	-0.0586532
52.05	-6.4096	-0.0611089
52.1	-6.31715	-0.0636711
52.15	-6.22401	-0.0663446
52.2	-6.13019	-0.0691341
52.25	-6.03572	-0.0720448
52.3	-5.9406	-0.0750819
52.35	-5.84485	-0.0782509
52.4	-5.7485	-0.0815575
52.45	-5.65156	-0.0850075
52.5	-5.55404	-0.088607
52.55	-5.45597	-0.0923625
52.6	-5.35736	-0.0962804
52.65	-5.25823	-0.100367
52.7	-5.15861	-0.104631
52.75	-5.0585	-0.109078
52.8	-4.95794	-0.113716
52.85	-4.85693	-0.118552
52.9	-4.75551	-0.123596
52.95	-4.65368	-0.128855
53	-4.55147	-0.134337
53.05	-4.4489	-0.140052
53.1	-4.34599	-0.146008
53.15	-4.24276	-0.152216
53.2	-4.13923	-0.158684
53.25	-4.03542	-0.165423
53.3	-3.93134	-0.172442
53.35	-3.82703	-0.179753
53.4	-3.7225	-0.187366
53.45	-3.61777	-0.195293
53.5	-3.51286	-0.203544
53.55	-3.40779	-0.212131
53.6	-3.30257	-0.221067
53.65	-3.19724	-0.230363
53.7	-3.0918	-0.240032
53.75	-2.98629	-0.250088
53.8	-2.88071	-0.260542
53.85	-2.77508	-0.271409
53.9	-2.66943	-0.282703
53.95	-2.56376	-0.294437
54	-2.45811	-0.306626
54.05	-2.35248	-0.319284
54.1	-2.2469	-0.332426
54.15	-2.14138	-0.346067
54.2	-2.03593	-0.360224
54.25	-1.93058	-0.37491
54.3	-1.82534	-0.390144
54.35	-1.72022	-0.40594
54.4	-1.61523	-0.422315
54.45	-1.5104	-0.439286
54.5	-1.40574	-0.456869
54.55	-1.30125	-0.475083
54.6	-1.19696	-0.493945
54.65	-1.09288	-0.513472
54.7	-0.989005	-0.533682
54.75	-0.885364	-0.554593
54.8	-0.781961	-0.576225
54.85	-0.678808	-0.598594
54.9	-0.575914	-0.621721
54.95	-0.473288	-0.645624
55	-0.37094	-0.670323
55.05	-0.268877	-0.695837
55.1	-0.167107	-0.722185
55.15	-0.0656373	-0.749388
55.2	0.035526	-0.777465
55.25	0.136377	-0.806437
55.3	0.236909	-0.836325
55.35	0.33712	-0.867148
55.4	0.437003	-0.898929
55.45	0.536555	-0.931687
55.5	0.635773	-0.965445
55.55	0.734655	-1.00022
55.6	0.833199	-1.03605
55.65	0.931403	-1.07293
55.7	1.02927	-1.11091
55.75	1.12679	-1.14999
55.8	1.22397	-1.19021
55.85	1.32081	-1.23158
55.9	1.41731	-1.27413
55.95	1.51348	-1.31789
56	1.60931	-1.36287
56.05	1.70481	-1.40911
56.1	1.79998	-1.45662
56.15	1.89482	-1.50543
56.2	1.98935	-1.55557
56.25	2.08357	-1.60707
56.3	2.17747	-1.65995
56.35	2.27107	-1.71424
56.4	2.36438	-1.76997
56.45	2.4574	-1.82716
56.5	2.55014	-1.88585
56.55	2.64261	-1.94606
56.6	2.73481	-2.00783
56.65	2.82676	-2.07119
56.7	2.91847	-2.13618
56.75	3.00995	-2.20282
56.8	3.10121	-2.27115
56.85	3.19226	-2.3412
56.9	3.28311	-2.41303
56.95	3.37378	-2.48665
57	3.46428	-2.56212
57.05	3.55462	-2.63948
57.1	3.64483	-2.71877
57.15	3.73491	-2.80003
57.2	3.82489	-2.88331
57.25	3.91478	-2.96867
57.3	4.0046	-3.05615
57.35	4.09437	-3.14581
57.4	4.18412	-3.23771
57.45	4.27385	-3.33189
57.5	4.36359	-3.42844
57.55	4.45337	-3.52741
57.6	4.54322	-3.62888
57.65	4.63315	-3.73291
57.7	4.72319	-3.83958
57.75	4.81338	-3.94898
57.8	4.90374	-4.0612
57.85	4.99431	-4.17632
57.9	5.08511	-4.29444
57.95	5.17618	-4.41568
58	5.26756	-4.54013
58.05	5.35929	-4.66792
58.1	5.45141	-4.79917
58.15	5.54396	-4.93402
58.2	5.637	-5.07262
58.25	5.73056	-5.21511
58.3	5.8247	-5.36167
58.35	5.91948	-5.51247
58.4	6.01496	-5.66771
58.45	6.11119	-5.82758
58.5	6.20826	-5.99233
58.55	6.30622	-6.16218
58.6	6.40517	-6.33741
58.65	6.50518	-6.51829
58.7	6.60634	-6.70513
58.75	6.70875	-6.89828
58.8	6.81252	-7.09809
58.85	6.91776	-7.30497
58.9	7.02459	-7.51936
58.95	7.13314	-7.74174
59	7.24357	-7.97263
59.05	7.35602	-8.21262
59.1	7.47068	-8.46236
59.15	7.58773	-8.72254
59.2	7.70737	-8.99396
59.25	7.82984	-9.2775
59.3	7.95538	-9.57413
59.35	8.08428	-9.88494
59.4	8.21683	-10.2112
59.45	8.35338	-10.5541
59.5	8.4943	-10.9154
59.55	8.64002	-11.2968
59.6	8.79099	-11.7003
59.65	8.94776	-12.128
59.7	9.11092	-12.5826
59.75	9.28112	-13.0671
59.8	9.45914	-13.5849
59.85	9.64584	-14.1399
59.9	9.8422	-14.7367
59.95	10.0494	-15.3806
60	10.2686	-16.0781
60.05	10.5014	-16.8365
60.1	10.7496	-17.6646
60.15	11.0152	-18.5732
60.2	11.3006	-19.5748
60.25	11.6087	-20.6849
60.3	11.9428	-21.9225
60.35	12.307	-23.3108
60.4	12.7061	-24.8787
60.45	13.1463	-26.6626
60.5	13.6348	-28.7086
60.55	14.1807	-31.0758
60.6	14.7954	-33.8411
60.65	15.4933	-37.1054
60.7	16.2931	-41.0032
60.75	17.2186	-45.7164
60.8	18.3016	-51.4943
60.85	19.5841	-58.6838
60.9	21.1232	-67.7738
60.95	22.997	-79.4613
61	25.3139	-94.7436
61.05	28.2245	-115.037
61.1	31.9373	-142.282
61.15	36.7317	-178.899
61.2	42.9499	-227.128
61.25	50.9159	-286.756
61.3	60.6775	-350.126
61.35	71.5278	-398.314
61.4	81.7378	-412.693
61.45	89.3652	-399.85
61.5	93.6695	-388.685
61.55	95.2779	-397.473
61.6	95.1936	-422.985
61.65	94.1414	-455.952
61.7	92.521	-490.643
61.75	90.5407	-524.472
61.8	88.3163	-556.194
61.85	85.921	-585.073
61.9	83.4059	-610.639
61.95	80.81	-632.602
62	78.1636	-650.813
62.05	75.491	-665.236
62.1	72.8113	-675.92
62.15	70.1393	-682.978
62.2	67.4865	-686.569
62.25	64.8613	-686.882
62.3	62.27	-684.127
62.35	59.7167	-678.522
62.4	57.2037	-670.286
62.45	54.7324	-659.637
62.5	52.3025	-646.782
62.55	49.9132	-631.916
62.6	47.5625	-615.219
62.65	45.2474	-596.847
62.7	42.9639	-576.933
62.75	40.7067	-555.58
62.8	38.469	-532.855
62.85	36.242	-508.787
62.9	34.015	-483.362
62.95	31.7744	-456.522
63	29.5042	-428.165
63.05	27.1851	-398.152
63.1	24.7953	-366.321
63.15	22.311	-332.518
63.2	19.7082	-296.648
63.25	16.9659	-258.763
63.3	14.0725	-219.196
63.35	11.0344	-178.728
63.4	7.88873	-138.746
63.45	4.71457	-101.262
63.5	1.63592	-68.6081
63.55	-1.19444	-42.7333
63.6	-3.6338	-24.3928
63.65	-5.59479	-12.8413
63.7	-7.06883	-6.3349
63.75	-8.11363	-2.9962
63.8	-8.81942	-1.39408
63.85	-9.27778	-0.654598
63.9	-9.56489	-0.317577
63.95	-9.73724	-0.162513
64	-9.83402	-0.0892091
64.05	-9.88136	-0.0531544
64.1	-9.89633	-0.0345729
64.15	-9.88995	-0.0245275
64.2	-9.86933	-0.0188585
64.25	-9.83904	-0.0155544
64.3	-9.80205	-0.0135987
64.35	-9.7603	-0.0124527
64.4	-9.71505	-0.0118171
64.45	-9.66714	-0.0115176
64.5	-9.61711	-0.0114481
64.55	-9.56534	-0.0115415
64.6	-9.51208	-0.011754
64.65	-9.4575	-0.0120564
64.7	-9.4017	-0.0124284
64.75	-9.34478	-0.0128565
64.8	-9.28678	-0.0133309
64.85	-9.22774	-0.013845
64.9	-9.16768	-0.0143943
64.95	-9.10664	-0.0149759
65	-9.04461	-0.0155877
65.05	-8.9816	-0.0162288
65.1	-8.91763	-0.0168986
65.15	-8.8527	-0.0175972
65.2	-8.78681	-0.0183249
65.25	-8.71997	-0.0190823
65.3	-8.65217	-0.0198703
65.35	-8.58343	-0.0206899
65.4	-8.51374	-0.0215423
65.45	-8.44311	-0.0224288
65.5	-8.37154	-0.0233509
65.55	-8.29903	-0.02431
65.6	-8.22559	-0.0253079
65.65	-8.15123	-0.0263463
65.7	-8.07595	-0.027427
65.75	-7.99975	-0.0285519
65.8	-7.92264	-0.0297232
65.85	-7.84463	-0.0309428
65.9	-7.76572	-0.0322131
65.95	-7.68592	-0.0335363
66	-7.60524	-0.034915
66.05	-7.52369	-0.0363516
66.1	-7.44127	-0.0378488
66.15	-7.358	-0.0394094
66.2	-7.27388	-0.0410364
66.25	-7.18893	-0.0427326
66.3	-7.10316	-0.0445014
66.35	-7.01658	-0.0463459
66.4	-6.9292	-0.0482697
66.45	-6.84102	-0.0502762
66.5	-6.75208	-0.0523693
66.55	-6.66237	-0.0545527
66.6	-6.57192	-0.0568306
66.65	-6.48073	-0.0592072
66.7	-6.38883	-0.0616867
66.75	-6.29622	-0.0642739
66.8	-6.20292	-0.0669733
66.85	-6.10896	-0.06979
66.9	-6.01433	-0.072729
66.95	-5.91907	-0.0757956
67	-5.82319	-0.0789955
67.05	-5.7267	-0.0823342
67.1	-5.62962	-0.0858177
67.15	-5.53198	-0.0894522
67.2	-5.43379	-0.093244
67.25	-5.33506	-0.0971998
67.3	-5.23582	-0.101326
67.35	-5.13608	-0.105631
67.4	-5.03587	-0.110121
67.45	-4.93521	-0.114803
67.5	-4.83411	-0.119686
67.55	-4.73259	-0.124778
67.6	-4.63067	-0.130087
67.65	-4.52838	-0.135621
67.7	-4.42573	-0.14139
67.75	-4.32275	-0.147403
67.8	-4.21945	-0.153669
67.85	-4.11585	-0.160198
67.9	-4.01198	-0.167
67.95	-3.90785	-0.174085
68	-3.80349	-0.181463
68.05	-3.69891	-0.189147
68.1	-3.59413	-0.197146
68.15	-3.48918	-0.205472
68.2	-3.38408	-0.214138
68.25	-3.27884	-0.223155
68.3	-3.17348	-0.232535
68.35	-3.06802	-0.242291
68.4	-2.96249	-0.252436
68.45	-2.85689	-0.262983
68.5	-2.75126	-0.273946
68.55	-2.6456	-0.285339
68.6	-2.53994	-0.297175
68.65	-2.43429	-0.309469
68.7	-2.32867	-0.322236
68.75	-2.2231	-0.33549
68.8	-2.11759	-0.349248
68.85	-2.01217	-0.363523
68.9	-1.90684	-0.378333
68.95	-1.80162	-0.393693
69	-1.69653	-0.409619
69.05	-1.59158	-0.426128
69.1	-1.48678	-0.443237
69.15	-1.38216	-0.460963
69.2	-1.27771	-0.479323
69.25	-1.17347	-0.498335
69.3	-1.06943	-0.518015
69.35	-0.965607	-0.538384
69.4	-0.862017	-0.559457
69.45	-0.758669	-0.581255
69.5	-0.655573	-0.603796
69.55	-0.552737	-0.627098
69.6	-0.450173	-0.65118
69.65	-0.347887	-0.676063
69.7	-0.245889	-0.701765
69.75	-0.144185	-0.728306
69.8	-0.0427824	-0.755706
69.85	0.058312	-0.783986
69.9	0.159093	-0.813165
69.95	0.259554	-0.843264
70	0.359692	-0.874304
70.05	0.459502	-0.906306
70.1	0.558981	-0.93929
70.15	0.658125	-0.973279
70.2	0.756932	-1.00829
70.25	0.855401	-1.04436
70.3	0.953529	-1.08149
70.35	1.05132	-1.11972
70.4	1.14876	-1.15906
70.45	1.24587	-1.19953
70.5	1.34264	-1.24117
70.55	1.43906	-1.284
70.6	1.53515	-1.32803
70.65	1.63091	-1.3733
70.7	1.72634	-1.41982
70.75	1.82144	-1.46763
70.8	1.91621	-1.51675
70.85	2.01067	-1.5672
70.9	2.10482	-1.61901
70.95	2.19866	-1.67221
71	2.2922	-1.72682
71.05	2.38544	-1.78288
71.1	2.4784	-1.84042
71.15	2.57108	-1.89945
71.2	2.66349	-1.96002
71.25	2.75564	-2.02215
71.3	2.84754	-2.08588
71.35	2.9392	-2.15124
71.4	3.03062	-2.21826
71.45	3.12184	-2.28699
71.5	3.21284	-2.35745
71.55	3.30365	-2.42968
71.6	3.39429	-2.50373
71.65	3.48476	-2.57963
71.7	3.57507	-2.65742
71.75	3.66525	-2.73716
71.8	3.75532	-2.81888
71.85	3.84528	-2.90264
71.9	3.93516	-2.98848
71.95	4.02497	-3.07646
72	4.11473	-3.16662
72.05	4.20448	-3.25904
72.1	4.29421	-3.35377
72.15	4.38397	-3.45087
72.2	4.47377	-3.55041
72.25	4.56364	-3.65246
72.3	4.6536	-3.75709
72.35	4.74368	-3.86439
72.4	4.83391	-3.97443
72.45	4.92432	-4.08731
72.5	5.01494	-4.20311
72.55	5.1058	-4.32195
72.6	5.19695	-4.44391
72.65	5.28841	-4.56913
72.7	5.38024	-4.69771
72.75	5.47246	-4.82978
72.8	5.56512	-4.96549
72.85	5.65828	-5.10497
72.9	5.75198	-5.24839
72.95	5.84627	-5.39592
73	5.94121	-5.54773
73.05	6.03686	-5.70402
73.1	6.13329	-5.86501
73.15	6.23056	-6.03092
73.2	6.32876	-6.20199
73.25	6.42795	-6.37851
73.3	6.52822	-6.56074
73.35	6.62967	-6.74902
73.4	6.7324	-6.94368
73.45	6.8365	-7.1451
73.5	6.9421	-7.35369
73.55	7.04933	-7.56989
73.6	7.15831	-7.7942
73.65	7.2692	-8.02716
73.7	7.38216	-8.26936
73.75	7.49736	-8.52146
73.8	7.615	-8.7842
73.85	7.73529	-9.05836
73.9	7.85846	-9.34486
73.95	7.98477	-9.6447
74	8.1145	-9.95898
74.05	8.24796	-10.289
74.1	8.3855	-10.6361
74.15	8.5275	-11.0019
74.2	8.67441	-11.3883
74.25	8.8267	-11.7971
74.3	8.98491	-12.2309
74.35	9.14965	-12.6922
74.4	9.32162	-13.1842
74.45	9.50159	-13.7103
74.5	9.69046	-14.2746
74.55	9.88924	-14.8819
74.6	10.0991	-15.5378
74.65	10.3214	-16.2487
74.7	10.5577	-17.0226
74.75	10.8097	-17.8685
74.8	11.0798	-18.7975
74.85	11.3702	-19.823
74.9	11.684	-20.9611
74.95	12.0247	-22.2317
75	12.3966	-23.6591
75.05	12.8048	-25.2739
75.1	13.2556	-27.1146
75.15	13.7566	-29.2298
75.2	14.3175	-31.6825
75.25	14.9503	-34.5544
75.3	15.6702	-37.9534
75.35	16.497	-42.0235
75.4	17.4562	-46.9604
75.45	18.5816	-53.0331
75.5	19.9184	-60.617
75.55	21.5279	-70.243
75.6	23.4943	-82.6689
75.65	25.9348	-98.9789
75.7	29.012	-120.705
75.75	32.9502	-149.916
75.8	38.0458	-189.086
75.85	44.6483	-240.177
75.9	53.0495	-301.775
75.95	63.1682	-363.645
76	74.0551	-405.029
76.05	83.8105	-411.214
76.1	90.6653	-396.015
76.15	94.2508	-388.802
76.2	95.3783	-402.307
76.25	95.0163	-430.316
76.3	93.8045	-464.05
76.35	92.0858	-498.701
76.4	90.0401	-532.125
76.45	87.7702	-563.237
76.5	85.3428	-591.378
76.55	82.8058	-616.123
76.6	80.1956	-637.218
76.65	77.5412	-654.544
76.7	74.8654	-668.087
76.75	72.1862	-677.912
76.8	69.5178	-684.144
76.85	66.8709	-686.951
76.9	64.2532	-686.528
76.95	61.6705	-683.087
77	59.1264	-676.848
77.05	56.6231	-668.029
77.1	54.1615	-656.846
77.15	51.7413	-643.504
77.2	49.3612	-628.195
77.25	47.0191	-611.093
77.3	44.7118	-592.35
77.35	42.435	-572.091
77.4	40.1831	-550.413
77.45	37.9487	-527.373
77.5	35.7228	-502.99
77.55	33.4939	-477.241
77.6	31.248	-450.057
77.65	28.9681	-421.326
77.7	26.6346	-390.902
77.75	24.225	-358.623
77.8	21.7151	-324.342
77.85	19.0814	-287.988
77.9	16.3044	-249.667
77.95	13.3756	-209.798
78	10.3077	-169.294
78.05	7.14662	-129.694
78.1	3.98214	-93.1276
78.15	0.947342	-61.9125
78.2	-1.8032	-37.784
78.25	-4.13596	-21.1441
78.3	-5.98121	-10.9444
78.35	-7.34811	-5.33443
78.4	-8.30525	-2.5075
78.45	-8.94549	-1.16658
78.5	-9.35779	-0.550855
78.55	-9.61375	-0.270127
78.6	-9.7655	-0.140325
78.65	-9.84879	-0.0784512
78.7	-9.88731	-0.0476978
78.75	-9.89648	-0.0316686
78.8	-9.88625	-0.02291
78.85	-9.86303	-0.017924
78.9	-9.83096	-0.0150024
78.95	-9.79272	-0.0132724
79	-9.75006	-0.0122665
79.05	-9.70413	-0.0117218
79.1	-9.65568	-0.0114837
79.15	-9.60522	-0.0114571
79.2	-9.55308	-0.0115816
79.25	-9.4995	-0.0118173
79.3	-9.44462	-0.0121375
79.35	-9.38856	-0.0125237
79.4	-9.33138	-0.0129632
79.45	-9.27313	-0.0134474
79.5	-9.21386	-0.0139701
79.55	-9.15357	-0.0145271
79.6	-9.09229	-0.0151159
79.65	-9.03004	-0.0157346
79.7	-8.96681	-0.0163824
79.75	-8.90261	-0.0170589
79.8	-8.83746	-0.0177642
79.85	-8.77135	-0.0184987
79.9	-8.70428	-0.0192632
79.95	-8.63626	-0.0200585
80	-8.5673	-0.0208856
80.05	-8.49739	-0.0217458
80.1	-8.42654	-0.0226405
80.15	-8.35475	-0.023571
80.2	-8.28203	-0.0245391
80.25	-8.20838	-0.0255462
80.3	-8.1338	-0.0265943
80.35	-8.0583	-0.0276851
80.4	-7.98189	-0.0288206
80.45	-7.90457	-0.0300029
80.5	-7.82635	-0.0312342
80.55	-7.74723	-0.0325166
80.6	-7.66723	-0.0338525
80.65	-7.58635	-0.0352444
80.7	-7.50459	-0.0366949
80.75	-7.42198	-0.0382066
80.8	-7.33851	-0.0397824
80.85	-7.2542	-0.0414252
80.9	-7.16906	-0.0431381
80.95	-7.08309	-0.0449242
81	-6.99632	-0.0467869
81.05	-6.90875	-0.0487296
81.1	-6.8204	-0.0507559
81.15	-6.73128	-0.0528696
81.2	-6.6414	-0.0550747
81.25	-6.55077	-0.0573752
81.3	-6.45942	-0.0597753
81.35	-6.36735	-0.0622795
81.4	-6.27458	-0.0648923
81.45	-6.18113	-0.0676186
81.5	-6.087	-0.0704633
81.55	-5.99223	-0.0734316
81.6	-5.89682	-0.0765287
81.65	-5.8008	-0.0797604
81.7	-5.70417	-0.0831322
81.75	-5.60696	-0.0866504
81.8	-5.50919	-0.0903209
81.85	-5.41087	-0.0941503
81.9	-5.31202	-0.0981453
81.95	-5.21266	-0.102313
82	-5.11281	-0.10666
82.05	-5.0125	-0.111193
82.1	-4.91173	-0.115922
82.15	-4.81053	-0.120853
82.2	-4.70891	-0.125994
82.25	-4.60691	-0.131355
82.3	-4.50453	-0.136943
82.35	-4.40181	-0.142768
82.4	-4.29875	-0.148839
82.45	-4.19537	-0.155165
82.5	-4.09171	-0.161757
82.55	-3.98778	-0.168624
82.6	-3.88359	-0.175776
82.65	-3.77918	-0.183225
82.7	-3.67455	-0.190981
82.75	-3.56973	-0.199055
82.8	-3.46475	-0.207459
82.85	-3.35961	-0.216205
82.9	-3.25434	-0.225306
82.95	-3.14895	-0.234772
83	-3.04348	-0.244617
83.05	-2.93793	-0.254855
83.1	-2.83232	-0.265498
83.15	-2.72668	-0.27656
83.2	-2.62102	-0.288054
83.25	-2.51536	-0.299996
83.3	-2.40972	-0.312399
83.35	-2.30411	-0.325278
83.4	-2.19855	-0.338648
83.45	-2.09306	-0.352524
83.5	-1.98766	-0.366923
83.55	-1.88235	-0.381859
83.6	-1.77716	-0.39735
83.65	-1.6721	-0.41341
83.7	-1.56718	-0.430057
83.75	-1.46243	-0.447308
83.8	-1.35784	-0.46518
83.85	-1.25344	-0.48369
83.9	-1.14924	-0.502856
83.95	-1.04526	-0.522695
84	-0.941487	-0.543226
84.05	-0.837953	-0.564466
84.1	-0.734663	-0.586435
84.15	-0.631626	-0.609152
84.2	-0.528853	-0.632634
84.25	-0.426352	-0.656901
84.3	-0.324133	-0.681972
84.35	-0.222202	-0.707868
84.4	-0.120568	-0.734607
84.45	-0.0192362	-0.762211
84.5	0.0817858	-0.790698
84.55	0.182493	-0.820089
84.6	0.28288	-0.850405
84.65	0.382942	-0.881667
84.7	0.482675	-0.913896
84.75	0.582076	-0.947112
84.8	0.681142	-0.981338
84.85	0.779871	-1.0166
84.9	0.878261	-1.05291
84.95	0.97631	-1.09029
85	1.07402	-1.12877
85.05	1.17139	-1.16838
85.1	1.26841	-1.20912
85.15	1.3651	-1.25104
85.2	1.46145	-1.29414
85.25	1.55746	-1.33846
85.3	1.65314	-1.38402
85.35	1.74849	-1.43084
85.4	1.84352	-1.47895
85.45	1.93822	-1.52837
85.5	2.03261	-1.57914
85.55	2.12668	-1.63127
85.6	2.22045	-1.6848
85.65	2.31392	-1.73975
85.7	2.40709	-1.79614
85.75	2.49999	-1.85402
85.8	2.5926	-1.91341
85.85	2.68495	-1.97434
85.9	2.77704	-2.03685
85.95	2.86889	-2.10095
86	2.96049	-2.1667
86.05	3.05187	-2.23411
86.1	3.14303	-2.30324
86.15	3.23399	-2.37411
86.2	3.32476	-2.44676
86.25	3.41535	-2.52123
86.3	3.50579	-2.59757
86.35	3.59607	-2.67581
86.4	3.68622	-2.75601
86.45	3.77626	-2.8382
86.5	3.8662	-2.92244
86.55	3.95606	-3.00877
86.6	4.04586	-3.09726
86.65	4.13562	-3.18794
86.7	4.22536	-3.28089
86.75	4.3151	-3.37617
86.8	4.40487	-3.47383
86.85	4.49468	-3.57394
86.9	4.58456	-3.67659
86.95	4.67455	-3.78184
87	4.76466	-3.88976
87.05	4.85493	-4.00046
87.1	4.94539	-4.11401
87.15	5.03606	-4.23051
87.2	5.12699	-4.35007
87.25	5.21821	-4.47278
87.3	5.30976	-4.59877
87.35	5.40167	-4.72815
87.4	5.49399	-4.86106
87.45	5.58676	-4.99763
87.5	5.68004	-5.13802
87.55	5.77387	-5.28238
87.6	5.86831	-5.43089
87.65	5.96341	-5.58373
87.7	6.05924	-5.74109
87.75	6.15586	-5.90321
87.8	6.25334	-6.0703
87.85	6.35176	-6.24262
87.9	6.4512	-6.42044
87.95	6.55174	-6.60406
88	6.65348	-6.79379
88.05	6.75651	-6.98999
88.1	6.86096	-7.19305
88.15	6.96693	-7.40337
88.2	7.07455	-7.62141
88.25	7.18397	-7.84769
88.3	7.29532	-8.08275
88.35	7.40879	-8.3272
88.4	7.52454	-8.58171
88.45	7.64278	-8.84703
88.5	7.76372	-9.12399
88.55	7.8876	-9.41351
88.6	8.01468	-9.71661
88.65	8.14525	-10.0344
88.7	8.27963	-10.3683
88.75	8.41817	-10.7196
88.8	8.56128	-11.0901
88.85	8.7094	-11.4815
88.9	8.86302	-11.8959
88.95	9.0227	-12.3359
89	9.18906	-12.8041
89.05	9.36282	-13.3036
89.1	9.54479	-13.8382
89.15	9.73587	-14.4121
89.2	9.93713	-15.0302
89.25	10.1498	-15.6983
89.3	10.3752	-16.4232
89.35	10.615	-17.213
89.4	10.871	-18.0772
89.45	11.1455	-19.0275
89.5	11.4411	-20.0777
89.55	11.7609	-21.2447
89.6	12.1085	-22.5495
89.65	12.4884	-24.0177
89.7	12.9059	-25.6814
89.75	13.3676	-27.5813
89.8	13.8817	-29.769
89.85	14.4581	-32.3113
89.9	15.1097	-35.2954
89.95	15.8526	-38.8364
90	16.7078	-43.089
90.05	17.7024	-48.2635
90.1	18.8725	-54.6503
90.15	20.2667	-62.6561
90.2	21.9509	-72.8572
90.25	24.016	-86.0778
90.3	26.5884	-103.495
90.35	29.8439	-126.762
90.4	34.023	-158.07
90.45	39.438	-199.902
90.5	46.4408	-253.794
90.55	55.2734	-316.814
90.6	65.697	-375.98
90.65	76.5112	-409.645
90.7	85.7096	-408.487
90.75	91.7757	-392.727
90.8	94.6945	-390.143
90.85	95.3976	-407.919
90.9	94.7934	-437.913
90.95	93.4405	-472.158
91	91.6333	-506.658
91.05	89.5279	-539.619
91.1	87.2162	-570.087
91.15	84.7595	-597.466
91.2	82.2024	-621.377
91.25	79.5796	-641.6
91.3	76.9183	-658.042
91.35	74.2403	-670.709
91.4	71.5625	-679.682
91.45	68.8983	-685.1
91.5	66.2575	-687.135
91.55	63.6476	-685.989
91.6	61.0736	-681.876
91.65	58.5389	-675.015
91.7	56.0453	-665.626
91.75	53.5934	-653.921
91.8	51.1827	-640.104
91.85	48.8117	-624.362
91.9	46.4781	-606.865
91.95	44.1783	-587.758
92	41.9079	-567.161
92.05	39.6607	-545.161
92.1	37.4292	-521.807
92.15	35.2038	-497.11
92.2	32.9722	-471.034
92.25	30.72	-443.5
92.3	28.4295	-414.389
92.35	26.0803	-383.547
92.4	23.6495	-350.813
92.45	21.1128	-316.049
92.5	18.4472	-279.219
92.55	15.6349	-240.483
92.6	12.6716	-200.364
92.65	9.57632	-159.908
92.7	6.40467	-120.809
92.75	3.2572	-85.2898
92.8	0.274859	-55.6117
92.85	-2.38842	-33.2515
92.9	-4.61079	-18.2513
92.95	-6.34096	-9.298
93	-7.6047	-4.48361
93.05	-8.47942	-2.09762
93.1	-9.05907	-0.977139
93.15	-9.42924	-0.464576
93.2	-9.65691	-0.230521
93.25	-9.79002	-0.121669
93.3	-9.86111	-0.0693157
93.35	-9.89164	-0.0430121
93.4	-9.89555	-0.029147
93.45	-9.88182	-0.0214922
93.5	-9.85623	-0.0170995
93.55	-9.82252	-0.0145142
93.6	-9.78312	-0.0129851
93.65	-9.73961	-0.0121052
93.7	-9.69303	-0.0116431
93.75	-9.64408	-0.0114612
93.8	-9.5932	-0.0114744
93.85	-9.54071	-0.0116278
93.9	-9.48681	-0.0118852
93.95	-9.43165	-0.0122222
94	-9.37533	-0.0126218
94.05	-9.31789	-0.0130724
94.1	-9.25941	-0.013566
94.15	-9.19989	-0.014097
94.2	-9.13937	-0.0146617
94.25	-9.07787	-0.0152575
94.3	-9.01538	-0.0158831
94.35	-8.95193	-0.0165376
94.4	-8.88751	-0.0172208
94.45	-8.82213	-0.0179329
94.5	-8.75579	-0.0186743
94.55	-8.68851	-0.0194459
94.6	-8.62027	-0.0202484
94.65	-8.55108	-0.0210832
94.7	-8.48096	-0.0219513
94.75	-8.40989	-0.0228542
94.8	-8.33788	-0.0237934
94.85	-8.26494	-0.0247704
94.9	-8.19107	-0.0257869
94.95	-8.11628	-0.0268448
95	-8.04057	-0.0279458
95.05	-7.96395	-0.0290921
95.1	-7.88642	-0.0302856
95.15	-7.80798	-0.0315285
95.2	-7.72866	-0.0328232
95.25	-7.64845	-0.0341719
95.3	-7.56736	-0.0355773
95.35	-7.48541	-0.0370418
95.4	-7.40259	-0.0385682
95.45	-7.31893	-0.0401594
95.5	-7.23442	-0.0418183
95.55	-7.14909	-0.0435479
95.6	-7.06293	-0.0453516
95.65	-6.97598	-0.0472326
95.7	-6.88822	-0.0491944
95.75	-6.79969	-0.0512408
95.8	-6.71039	-0.0533755
95.85	-6.62033	-0.0556024
95.9	-6.52954	-0.0579258
95.95	-6.43801	-0.0603498
96	-6.34578	-0.0628789
96.05	-6.25285	-0.0655177
96.1	-6.15924	-0.0682712
96.15	-6.06496	-0.0711442
96.2	-5.97004	-0.074142
96.25	-5.87449	-0.07727
96.3	-5.77832	-0.0805338
96.35	-5.68156	-0.0839393
96.4	-5.58421	-0.0874924
96.45	-5.48631	-0.0911994
96.5	-5.38787	-0.0950668
96.55	-5.2889	-0.0991013
96.6	-5.18942	-0.10331
96.65	-5.08947	-0.1077
96.7	-4.98904	-0.112278
96.75	-4.88817	-0.117053
96.8	-4.78687	-0.122033
96.85	-4.68517	-0.127224
96.9	-4.58307	-0.132637
96.95	-4.48061	-0.13828
97	-4.37781	-0.144161
97.05	-4.27467	-0.150291
97.1	-4.17123	-0.156678
97.15	-4.0675	-0.163333
97.2	-3.96351	-0.170265
97.25	-3.85927	-0.177486
97.3	-3.7548	-0.185005
97.35	-3.65013	-0.192834
97.4	-3.54527	-0.200985
97.45	-3.44025	-0.209468
97.5	-3.33507	-0.218295
97.55	-3.22978	-0.22748
97.6	-3.12437	-0.237033
97.65	-3.01887	-0.246969
97.7	-2.91331	-0.2573
97.75	-2.8077	-0.268039
97.8	-2.70205	-0.2792
97.85	-2.59639	-0.290798
97.9	-2.49073	-0.302846
97.95	-2.38509	-0.315358
98	-2.27949	-0.328351
98.05	-2.17395	-0.341837
98.1	-2.06848	-0.355834
98.15	-1.96309	-0.370357
98.2	-1.85781	-0.385421
98.25	-1.75265	-0.401043
98.3	-1.64762	-0.417239
98.35	-1.54274	-0.434025
98.4	-1.43803	-0.451419
98.45	-1.33349	-0.469438
98.5	-1.22913	-0.4881
98.55	-1.12498	-0.507421
98.6	-1.02104	-0.52742
98.65	-0.917327	-0.548114
98.7	-0.813848	-0.569523
98.75	-0.710616	-0.591665
98.8	-0.60764	-0.614558
98.85	-0.504929	-0.638221
98.9	-0.402494	-0.662674
98.95	-0.300341	-0.687936
99	-0.198478	-0.714027
99.05	-0.0969141	-0.740966
99.1	0.00434564	-0.768773
99.15	0.105295	-0.797469
99.2	0.205927	-0.827074
99.25	0.306239	-0.857609
99.3	0.406225	-0.889095
99.35	0.505881	-0.921552
99.4	0.605204	-0.955002
99.45	0.704192	-0.989466
99.5	0.802842	-1.02497
99.55	0.901152	-1.06153
99.6	0.999122	-1.09916
99.65	1.09675	-1.13791
99.7	1.19404	-1.17777
99.75	1.29099	-1.21879
99.8	1.38759	-1.26098
99.85	1.48387	-1.30437
99.9	1.5798	-1.34897
99.95	1.6754	-1.39482
100	1.77068	-1.44194
